#   kval   P_lin   I_00   I_01   I_02   I_03   I_10   I_11   I_12   I_13   I_20   I_21   I_22   I_23   I_30   I_31   I_32   I_33   J_00   J_01   J_02   J_10   J_11   J_20   K_00   K_00_s   K_01   K_01_s   K_02_s   K_10   K_10_s   K_11   K_11_s   K_20   K_20_s   K_30   K_30_s   sigma_3
0.001  3962.3  0.000338629  0.000234413  -0.000364758  -0.000491088  0.000443433  0.000411715  0.000620557  0.000737678  0.00140663  0.000849  5.80106e-05  0.0103458  -0.000126377  0.000920033  -4.85489e-07  0.000556234  -9.34523  -11.4507  -8.19315  0.206754  -10.0505  -69.7418  -0.0281508  -0.0191319  -2744.42  -1220.81  -1830.42  -0.257973  -0.171362  0.174036  0.114675  -1187.39  -790.952  12.4266  -1.97042  7.11675e-05
0.00103514  4091.9  0.000388698  0.000268994  -0.000418965  -0.000563102  0.000508985  0.000471051  0.000707199  0.000846708  0.00161464  0.000974947  6.78309e-05  0.0118247  -0.000149375  0.00105357  4.11341e-07  0.000658694  18.6726  6.85492  -74.9075  31.0746  -1.6009  94.9191  -0.0302589  -0.0205915  -2686.9  -1195.33  -1792.13  -0.277617  -0.184371  0.18965  0.12489  -1225.73  -816.463  12.6208  -2.35726  7.73035e-05
0.00107152  4225.13  0.000446155  0.000308666  -0.000481213  -0.000645766  0.000584232  0.000538875  0.000805731  0.000971799  0.00185337  0.00111956  7.93574e-05  0.0135129  -0.000176538  0.00120641  1.59117e-06  0.000779962  -21.7627  -17.4155  -3.38863  -19.4962  -14.943  -68.433  -0.0325111  -0.0221553  -2629.39  -1169.86  -1753.86  -0.298656  -0.198298  0.20599  0.13556  -1264.07  -841.969  12.746  -2.80827  8.39325e-05
0.00110917  4362.74  0.00051209  0.000354178  -0.000552693  -0.000740638  0.000670602  0.000616392  0.00091775  0.00111531  0.00212732  0.0012856  9.28833e-05  0.0154396  -0.000208614  0.00138133  3.12073e-06  0.000923476  -6.0406  -3.99254  -14.1772  -9.51816  -13.2493  -17.4345  -0.0349188  -0.0238319  -2571.04  -1144.01  -1715.03  -0.321205  -0.213219  0.223118  0.146723  -1302.97  -867.844  12.902  -3.25988  9.11012e-05
0.00114815  4504.29  0.00058775  0.000406387  -0.000634771  -0.000849496  0.000769734  0.000704976  0.00104506  0.00127997  0.00244168  0.00147625  0.00010875  0.0176382  -0.000246486  0.00158147  5.0809e-06  0.0010933  10.819  5.61041  -61.705  22.1208  -4.58507  69.0048  -0.0374941  -0.0256308  -2511.01  -1117.44  -1675.09  -0.345391  -0.229215  0.241177  0.158471  -1342.98  -894.457  13.1743  -3.65807  9.88606e-05
0.0011885  4650.25  0.000674568  0.000466277  -0.000729016  -0.000974373  0.000883505  0.000806193  0.0011897  0.00146886  0.00280242  0.00169515  0.000127354  0.0201466  -0.000291195  0.00181045  7.56969e-06  0.00129424  -23.5013  -22.3042  13.2339  -30.1024  -20.3848  -118.183  -0.0402493  -0.0275619  -2448.64  -1089.82  -1633.59  -0.371342  -0.246372  0.260365  0.17093  -1384.55  -922.109  13.6089  -3.97492  0.000107265
0.00123027  4800.48  0.000774185  0.000534978  -0.000837225  -0.00111759  0.00101407  0.00092183  0.00135398  0.00168557  0.00321634  0.00194649  0.000149162  0.0230077  -0.000343968  0.00207238  1.07059e-05  0.00153196  -7.35355  -9.70726  -19.4259  -3.88236  -11.3803  -28.4157  -0.043197  -0.0296352  -2383.51  -1060.99  -1590.25  -0.399192  -0.264774  0.28097  0.184286  -1427.97  -950.985  14.35  -4.11626  0.000116371
0.0012735  4955.07  0.000888484  0.000613781  -0.000961461  -0.00128179  0.00116389  0.00105392  0.00154049  0.00193418  0.00369129  0.00223505  0.000174716  0.0262705  -0.000406247  0.00237195  1.46327e-05  0.00181317  -12.1314  -15.3262  -10.2308  -14.8257  -14.4318  -87.6488  -0.046349  -0.0318608  -2315.68  -1030.97  -1545.13  -0.429074  -0.284509  0.303369  0.198784  -1473.18  -981.053  15.4588  -4.04216  0.000126233
0.00131826  5114.58  0.00101962  0.000704169  -0.00110409  -0.00147001  0.00133579  0.00120479  0.00175216  0.00221937  0.00423622  0.00256637  0.00020465  0.0299906  -0.000479733  0.00271451  1.95234e-05  0.00214578  -4.35948  -9.05226  -24.1957  1.5106  -11.4628  -29.4715  -0.0497166  -0.0342485  -2245.83  -1000.06  -1498.66  -0.461114  -0.305657  0.32797  0.214688  -1519.75  -1012.01  16.9688  -3.72966  0.000136904
0.00136458  5278.34  0.00117008  0.000807842  -0.00126782  -0.00168574  0.00153303  0.00137707  0.00199229  0.00254651  0.00486142  0.00294676  0.000239714  0.0342312  -0.000566429  0.00310617  2.55866e-05  0.00253913  -6.36278  -11.4545  -11.7422  -5.03138  -12.1459  -28.5992  -0.05331  -0.0368078  -2175.24  -968.826  -1451.71  -0.495435  -0.328298  0.35512  0.23222  -1566.81  -1043.3  18.6986  -3.29709  0.000148432
0.00141254  5447.35  0.00134268  0.000926746  -0.00145577  -0.001933  0.00175931  0.00157377  0.00226459  0.00292176  0.00557869  0.00338347  0.000280792  0.0390638  -0.00066869  0.00355391  3.30735e-05  0.00300427  -0.0590136  -2.71318  -32.6361  3.32954  -8.9879  -6.01433  -0.057139  -0.0395485  -2105.49  -937.976  -1405.32  -0.532164  -0.352511  0.384961  0.251466  -1613.3  -1074.21  20.4019  -2.90547  0.000160862
0.00146218  5620.91  0.00154068  0.00106311  -0.0016715  -0.00221642  0.00201893  0.00179833  0.00257326  0.00335214  0.00640152  0.00388485  0.000328927  0.0445699  -0.000789288  0.00406571  4.22867e-05  0.00355421  -12.8128  -14.9926  -7.49231  -13.7743  -13.8997  -91.6546  -0.0612145  -0.0424812  -2038  -908.144  -1360.45  -0.571434  -0.378383  0.417433  0.272374  -1658.29  -1104.1  21.877  -2.68609  0.000174241
0.00151356  5799.51  0.00176782  0.00121951  -0.00191909  -0.00254131  0.00231677  0.00205464  0.00292298  0.00384573  0.00734543  0.00446045  0.000385344  0.0508418  -0.000931487  0.00465064  5.359e-05  0.00420434  -12.6469  -13.4653  -9.26217  -12.0648  -15.0471  -59.7942  -0.0655486  -0.0456182  -1973.68  -879.732  -1317.71  -0.613405  -0.406014  0.452357  0.294812  -1701.16  -1132.58  23.0243  -2.70376  0.000188624
0.00156675  5983.03  0.00202835  0.00139885  -0.00220324  -0.00291376  0.00265845  0.00234715  0.00331905  0.00441176  0.00842815  0.00512126  0.000451476  0.0579841  -0.00109912  0.00531908  6.74213e-05  0.00497277  -4.44412  -6.72647  -23.7595  -1.92165  -10.5293  -14.5711  -0.0701558  -0.0489738  -1912.76  -852.842  -1277.23  -0.658258  -0.435519  0.489567  0.318653  -1741.77  -1159.53  23.8033  -2.98539  0.000204076
0.00162181  6171.97  0.00232718  0.00160452  -0.00252931  -0.00334071  0.00305042  0.00268092  0.00376742  0.00506083  0.00967004  0.00587987  0.000528998  0.0661156  -0.0012967  0.00608284  8.43065e-05  0.0058809  0.0918662  -5.94356  -31.384  4.33986  -9.09031  -9.85423  -0.0750526  -0.0525644  -1854.78  -827.269  -1238.73  -0.706202  -0.467034  0.528902  0.343777  -1780.41  -1185.18  24.2276  -3.52387  0.000220679
0.0016788  6365.95  0.00266991  0.00184035  -0.00290346  -0.00383012  0.00350003  0.0030617  0.00427473  0.00580505  0.0110944  0.00675073  0.000619867  0.075371  -0.00152952  0.00695535  0.000104877  0.00695395  -2.28069  -6.55935  -25.6491  2.14597  -9.85053  -17.2219  -0.0802578  -0.0564087  -1798.65  -802.535  -1201.47  -0.757477  -0.50071  0.570319  0.370132  -1817.82  -1209.99  24.4055  -4.25073  0.000238534
0.0017378  6565.32  0.00306297  0.00211077  -0.00333272  -0.00439103  0.00401575  0.00349604  0.00484847  0.00665833  0.012728  0.00775043  0.000726363  0.0859025  -0.00180381  0.00795194  0.000129889  0.00822165  -4.58199  -7.63482  -19.402  -0.780195  -11.3263  -30.4267  -0.0857915  -0.0605271  -1742.94  -778  -1164.5  -0.812342  -0.536713  0.613978  0.397806  -1854.95  -1234.6  24.6942  -4.93256  0.000257761
0.00179887  6770.47  0.00351374  0.00242083  -0.00382519  -0.00503378  0.00460723  0.0039914  0.005497  0.00763659  0.0146014  0.00889801  0.000851147  0.097883  -0.00212689  0.00909003  0.000160251  0.00971905  -1.55871  -5.4974  -28.0041  2.06999  -9.95738  -11.4844  -0.0916744  -0.0649414  -1686.36  -753.1  -1126.97  -0.871073  -0.575219  0.660313  0.427062  -1892.65  -1259.59  25.3574  -5.3981  0.000278487
0.00186209  6980.87  0.00403063  0.00277632  -0.00439009  -0.00577017  0.00528554  0.00455623  0.00622969  0.00875804  0.0167497  0.0102153  0.000997324  0.111508  -0.00250734  0.0103895  0.000197048  0.0114875  -1.65747  -5.52144  -28.5552  3.44711  -9.93947  -12.4713  -0.0979261  -0.0696742  -1628.28  -727.543  -1088.44  -0.933952  -0.616405  0.709938  0.458283  -1931.36  -1285.24  26.5547  -5.54384  0.000300843
0.00192752  7196.82  0.00462331  0.00318388  -0.005038  -0.00661367  0.00606335  0.00520017  0.007057  0.0100436  0.019213  0.0117274  0.00116853  0.126998  -0.00295525  0.0118728  0.000241582  0.0135755  -5.84492  -9.01157  -20.691  -2.23915  -11.8786  -37.4727  -0.104565  -0.0747479  -1568.88  -701.422  -1049.06  -1.00126  -0.660447  0.763531  0.491889  -1970.95  -1311.46  28.2862  -5.37053  0.000324946
0.00199526  7418.46  0.00530284  0.00365112  -0.00578104  -0.00757972  0.00695517  0.00593416  0.00799063  0.011517  0.0220372  0.013463  0.001369  0.144603  -0.00348246  0.0135657  0.000295412  0.0160405  -4.31459  -7.30384  -22.7997  -0.667399  -11.0323  -27.2018  -0.111607  -0.0801857  -1509.24  -675.214  -1009.53  -1.07327  -0.707521  0.821704  0.528251  -2010.7  -1337.78  30.3957  -4.98071  0.000350906
0.00206538  7646.21  0.00608189  0.00418674  -0.00663306  -0.00868599  0.00797763  0.00677063  0.00904363  0.0132057  0.0252752  0.015455  0.00160373  0.164605  -0.00410284  0.0154973  0.000360401  0.0189499  -2.68747  -6.38576  -25.742  1.29088  -10.4332  -21.3181  -0.119067  -0.0860114  -1450.95  -649.624  -970.91  -1.15027  -0.757803  0.88481  0.567564  -2049.55  -1363.49  32.4845  -4.63727  0.000378818
0.00213796  7879.23  0.00697496  0.0048007  -0.0076099  -0.00995272  0.00914977  0.00772371  0.0102305  0.015141  0.028987  0.0177413  0.00187854  0.187324  -0.00483266  0.017701  0.000438776  0.0223831  -3.934  -7.57007  -22.9609  -0.374672  -10.8635  -25.9493  -0.126962  -0.092251  -1395.38  -625.264  -934.12  -1.23257  -0.811484  0.952815  0.609761  -2086.59  -1387.97  34.1226  -4.6242  0.000408785
0.00221309  8118.68  0.00799864  0.00550444  -0.0087297  -0.011403  0.0104934  0.00880944  0.0115675  0.0173585  0.0332417  0.0203653  0.00220023  0.213121  -0.005691  0.0202145  0.000533199  0.0264335  -3.33895  -7.26968  -24.5267  -0.0861657  -10.7523  -22.8082  -0.135306  -0.0989339  -1342.99  -602.346  -899.477  -1.32052  -0.868782  1.02555  0.654671  -2121.49  -1411.02  35.1878  -5.02286  0.000440937
0.00229087  8363.89  0.00917192  0.00631102  -0.0100132  -0.0130634  0.0120333  0.010046  0.0130726  0.0198991  0.0381181  0.0233766  0.00257676  0.2424  -0.00670023  0.0230807  0.000646847  0.0312108  -3.83332  -7.313  -23.6063  -0.474316  -10.9389  -25.2464  -0.14412  -0.106093  -1293.25  -580.624  -866.611  -1.41452  -0.929938  1.10291  0.702174  -2154.63  -1432.88  35.8849  -5.69935  0.000475438
0.00237137  8614.85  0.0105165  0.00723541  -0.011484  -0.0149638  0.0137982  0.0114542  0.0147657  0.0228096  0.0437068  0.0268322  0.00301738  0.275622  -0.0078865  0.0263483  0.000783519  0.0368443  -4.06623  -7.44286  -23.2259  -0.462394  -11.0409  -26.7026  -0.153423  -0.113766  -1244.92  -559.558  -834.71  -1.51498  -0.995222  1.18512  0.752345  -2186.83  -1454.09  36.5578  -6.42876  0.000512493
0.00245471  8872.13  0.0120574  0.00829473  -0.0131692  -0.0171387  0.0158205  0.0130573  0.0166691  0.0261436  0.0501108  0.0307976  0.0035329  0.313302  -0.00928048  0.0300727  0.000947745  0.0434857  -3.38451  -6.99587  -24.4998  0.34391  -10.7184  -22.9314  -0.163234  -0.121992  -1196.78  -538.607  -802.96  -1.62238  -1.06492  1.27279  0.805519  -2218.9  -1475.2  37.6951  -6.89017  0.00055233
0.00254097  9135.54  0.0138228  0.00950861  -0.0150998  -0.0196272  0.0181376  0.0148821  0.0188072  0.029962  0.0574485  0.0353477  0.00413588  0.356024  -0.010918  0.0343165  0.00114492  0.0513132  -3.19744  -6.75732  -25.4039  0.870159  -10.4991  -21.9081  -0.173569  -0.130813  -1148.34  -517.553  -771.035  -1.73718  -1.13931  1.36682  0.862209  -2251.17  -1496.42  39.4677  -6.97256  0.000595169
0.00263027  9404.84  0.0158455  0.0108995  -0.017311  -0.0224739  0.020792  0.0169587  0.0212072  0.0343347  0.0658549  0.0405682  0.004841  0.404441  -0.0128411  0.0391511  0.00138149  0.0605362  -3.20975  -6.8742  -24.9969  0.457749  -10.6039  -21.5272  -0.184441  -0.140271  -1100.1  -496.619  -739.266  -1.85987  -1.21871  1.4681  0.922907  -2283.31  -1517.54  41.6613  -6.81889  0.000641211
0.0027227  9680.44  0.0181624  0.012493  -0.0198431  -0.0257298  0.0238323  0.0193213  0.0238991  0.0393416  0.0754844  0.0465577  0.00566537  0.459293  -0.0150987  0.0446571  0.0016651  0.0714005  -3.75286  -7.27644  -23.7683  -0.321997  -10.8215  -24.4507  -0.195856  -0.150414  -1053.16  -476.297  -708.392  -1.99094  -1.30339  1.57723  0.987904  -2314.58  -1538.05  43.8599  -6.70537  0.00069064
0.00281838  9962.2  0.0208162  0.0143185  -0.022742  -0.029453  0.0273144  0.0220087  0.0269159  0.0450737  0.0865137  0.0534289  0.00662893  0.521408  -0.0177482  0.050926  0.00200487  0.0841944  -3.50301  -7.13948  -24.2441  0.180823  -10.7468  -23.5876  -0.207821  -0.161289  -1008.46  -457.006  -679.039  -2.13092  -1.3937  1.69445  1.05723  -2344.36  -1557.55  45.6139  -6.9306  0.00074365
0.00291743  10250.4  0.0238554  0.0164096  -0.0260602  -0.0337097  0.0313016  0.025065  0.0302938  0.051635  0.0991445  0.0613109  0.0077549  0.591717  -0.0208566  0.0580616  0.00241163  0.0992561  -3.69018  -7.2688  -23.8947  -0.151432  -10.8021  -24.7375  -0.220338  -0.172953  -966.074  -438.782  -651.259  -2.28038  -1.48996  1.81985  1.13082  -2372.59  -1575.99  46.9211  -7.49756  0.000800484
0.00301995  10544.2  0.0273355  0.0188048  -0.0298574  -0.0385755  0.0358666  0.0285399  0.0340728  0.0591444  0.113607  0.0703516  0.00907032  0.671267  -0.024502  0.0661812  0.00289825  0.116982  -3.4733  -7.06794  -24.3982  0.160881  -10.6575  -23.5033  -0.233411  -0.185465  -925.282  -421.31  -624.578  -2.43996  -1.59257  1.95383  1.20877  -2399.75  -1593.69  48.2198  -8.11756  0.000861442
0.00312608  10843.7  0.0313198  0.0215479  -0.0342016  -0.0441362  0.0410921  0.0324898  0.0382967  0.0677374  0.130165  0.0807205  0.0106066  0.761232  -0.0287756  0.0754177  0.00348007  0.137838  -3.57061  -7.17882  -24.2263  0.0236889  -10.7234  -23.9617  -0.247034  -0.198891  -885.285  -404.235  -598.462  -2.61033  -1.70192  2.09721  1.29144  -2426.38  -1611.01  49.8662  -8.55721  0.000926855
0.00323594  11149.2  0.0358806  0.0246891  -0.0391705  -0.0504895  0.0470726  0.0369785  0.0430131  0.0775685  0.149118  0.0926115  0.0124002  0.862927  -0.0337838  0.0859214  0.00417537  0.162365  -3.31749  -6.99449  -24.4876  0.2513  -10.6284  -22.6818  -0.261196  -0.213301  -845.82  -387.444  -572.739  -2.79218  -1.81844  2.25104  1.37934  -2452.66  -1628.06  52.0336  -8.70351  0.000997055
0.00334965  11462.1  0.0411006  0.0282857  -0.0448522  -0.0577466  0.0539159  0.0420784  0.0482742  0.0888142  0.17081  0.106247  0.0144937  0.977827  -0.0396505  0.0978622  0.00500573  0.191202  -3.41257  -7.06197  -24.405  0.218952  -10.6551  -23.2639  -0.275877  -0.22877  -807.353  -371.146  -547.721  -2.98622  -1.94254  2.41637  1.47293  -2478.27  -1644.64  54.3822  -8.78381  0.00107235
0.00346737  11779.4  0.0470741  0.0324034  -0.0513471  -0.0660339  0.061745  0.0478711  0.0541368  0.101675  0.195631  0.12188  0.0169363  1.10758  -0.0465201  0.111432  0.00599674  0.225094  -3.42654  -7.06033  -24.4019  0.190298  -10.6537  -23.529  -0.291047  -0.245378  -770.511  -355.623  -523.831  -3.19321  -2.07467  2.59387  1.57242  -2502.79  -1660.46  56.492  -9.07844  0.00115305
0.00358922  12102.8  0.0539083  0.037117  -0.0587696  -0.0754952  0.0707  0.0544492  0.0606626  0.116381  0.224029  0.139802  0.0197854  1.25404  -0.0545609  0.126848  0.00717877  0.264911  -3.43935  -7.02636  -24.3292  0.164905  -10.6467  -23.4313  -0.306667  -0.263214  -735.408  -340.931  -501.147  -3.41395  -2.2153  2.78412  1.67788  -2526.14  -1675.46  58.3361  -9.6072  0.00123952
0.00371535  12432.4  0.061726  0.0425119  -0.0672492  -0.086294  0.0809404  0.0619171  0.067918  0.133192  0.256511  0.160345  0.0231073  1.41926  -0.0639683  0.144355  0.00858781  0.311671  -3.47903  -7.06756  -24.1752  0.0624004  -10.6607  -23.6149  -0.322688  -0.282375  -701.635  -326.889  -479.4  -3.64929  -2.36494  2.98794  1.78954  -2548.61  -1689.84  60.2427  -10.1545  0.00133218
0.00384592  12766.8  0.0706668  0.0486858  -0.0769335  -0.0986156  0.0926481  0.070393  0.0759751  0.152406  0.293658  0.18389  0.0269791  1.60554  -0.0749699  0.164229  0.0102664  0.366562  -3.49619  -7.07167  -24.1712  0.101335  -10.654  -23.6274  -0.339045  -0.302964  -668.797  -313.326  -458.328  -3.90015  -2.52412  3.2065  1.90782  -2570.46  -1703.75  62.4903  -10.5381  0.00143149
0.00398107  13107  0.0808899  0.0557499  -0.0879899  -0.112671  0.10603  0.0800103  0.0849113  0.17436  0.33613  0.21087  0.0314901  1.81546  -0.0878299  0.18678  0.0122649  0.430973  -3.48357  -7.05366  -24.1732  0.123967  -10.6334  -23.5622  -0.355657  -0.325095  -636.937  -300.266  -437.966  -4.16745  -2.69339  3.44111  2.03318  -2591.64  -1717.19  64.9915  -10.8185  0.0015379
0.00412098  13452.8  0.0925766  0.0638315  -0.100608  -0.128698  0.121322  0.0909198  0.0948092  0.19944  0.384679  0.241782  0.0367436  2.05188  -0.102855  0.212361  0.0146428  0.506521  -3.5128  -7.06461  -24.0825  0.072604  -10.6343  -23.6306  -0.372423  -0.34889  -606.365  -287.85  -418.522  -4.45216  -2.8733  3.69296  2.16595  -2611.97  -1730  67.4342  -11.2056  0.00165188
0.0042658  13802.6  0.105933  0.0730753  -0.115003  -0.146968  0.138792  0.103292  0.105757  0.228083  0.440162  0.277193  0.0428594  2.31799  -0.120402  0.241365  0.0174701  0.595094  -3.45795  -7.03289  -24.1491  0.120002  -10.6065  -23.4408  -0.38922  -0.374483  -577.172  -276.123  -400.063  -4.75532  -3.06445  3.96313  2.30633  -2631.37  -1742.15  69.756  -11.7433  0.00177392
0.0044157  14158.1  0.121195  0.0836466  -0.131419  -0.167787  0.158744  0.117318  0.117849  0.260786  0.503554  0.317751  0.0499757  2.61732  -0.140884  0.274237  0.0208299  0.698887  -3.48642  -7.04904  -24.0643  0.0912444  -10.6079  -23.5328  -0.405901  -0.40202  -549.146  -264.996  -382.45  -5.07799  -3.26748  4.25293  2.4546  -2649.98  -1753.72  72.188  -12.2808  0.0019046
0.00457088  14518  0.138629  0.0957336  -0.150132  -0.191504  0.181524  0.133215  0.131185  0.298114  0.575962  0.364194  0.0582527  2.95383  -0.164778  0.311476  0.0248195  0.82046  -3.43524  -7.00589  -24.1144  0.141386  -10.577  -23.3116  -0.422291  -0.43166  -522.123  -254.399  -365.579  -5.42129  -3.48301  4.56393  2.61117  -2667.93  -1764.78  74.8551  -12.7383  0.00204451
0.00473151  14882.5  0.158538  0.109551  -0.171455  -0.21851  0.207525  0.151227  0.145867  0.340708  0.658645  0.417365  0.0678751  3.33188  -0.192641  0.353643  0.0295537  0.96279  -3.45214  -7.01255  -24.056  0.112371  -10.576  -23.3384  -0.438181  -0.463575  -496.173  -244.369  -349.501  -5.78639  -3.71173  4.89779  2.77642  -2685.15  -1775.31  77.6316  -13.2022  0.00219427
0.00489779  15250.1  0.181268  0.125343  -0.195739  -0.249251  0.237194  0.17163  0.162005  0.389297  0.753035  0.478227  0.079056  3.75631  -0.225111  0.401367  0.0351675  1.12934  -3.47196  -7.02522  -23.9597  0.079112  -10.575  -23.5047  -0.453323  -0.497955  -471.385  -234.951  -334.281  -6.17448  -3.95432  5.25614  2.95061  -2701.59  -1785.25  80.3756  -13.77  0.00235453
0.00506991  15621.6  0.207211  0.143387  -0.223385  -0.284228  0.271035  0.194733  0.17971  0.444706  0.860756  0.547875  0.0920415  4.2325  -0.262932  0.455353  0.0418196  1.32412  -3.48973  -7.02875  -23.8947  0.050351  -10.5666  -23.5828  -0.467429  -0.535004  -447.679  -226.115  -319.871  -6.58683  -4.21151  5.64075  3.13402  -2717.31  -1794.64  83.2063  -14.3658  0.002526
0.00524807  15996.9  0.236811  0.164  -0.25484  -0.324008  0.309623  0.220885  0.199099  0.507869  0.983651  0.627557  0.107115  4.76636  -0.306959  0.516394  0.0496966  1.5518  -3.47359  -7.00858  -23.8858  0.0695273  -10.5496  -23.4874  -0.480162  -0.574949  -424.961  -217.824  -306.213  -7.02471  -4.48404  6.05362  3.32697  -2732.36  -1803.51  86.204  -14.9396  0.00270944
0.0054325  16373.9  0.270574  0.187541  -0.290614  -0.369232  0.353606  0.25048  0.220288  0.579848  1.12381  0.718694  0.124602  5.36447  -0.35818  0.585374  0.059017  1.81778  -3.48122  -7.00894  -23.8215  0.0470341  -10.5407  -23.5207  -0.491129  -0.618034  -403.24  -210.088  -293.32  -7.48945  -4.77268  6.49691  3.52976  -2746.74  -1811.86  89.3012  -15.5399  0.00290565
0.00562341  16754.8  0.30907  0.214419  -0.331277  -0.420621  0.40372  0.28396  0.243394  0.661841  1.2836  0.822906  0.144878  6.03404  -0.417734  0.663284  0.0700374  2.12834  -3.46741  -6.99649  -23.8103  0.0583054  -10.523  -23.4679  -0.499876  -0.664528  -382.526  -202.919  -281.206  -7.98242  -5.07822  6.97285  3.74262  -2760.43  -1819.68  92.4532  -16.2002  0.00311547
0.00582103  17137.2  0.352947  0.245098  -0.377471  -0.478987  0.460796  0.321822  0.268532  0.755204  1.46571  0.942031  0.168375  6.78304  -0.486935  0.751231  0.0830571  2.49072  -3.4818  -6.99668  -23.7359  0.040128  -10.5133  -23.5025  -0.505879  -0.714724  -362.764  -196.296  -269.839  -8.50501  -5.40147  7.48386  3.96577  -2773.49  -1826.98  95.7252  -16.8809  0.00333981
0.0060256  17520.5  0.402939  0.280105  -0.42992  -0.545244  0.525774  0.364624  0.295815  0.861472  1.67318  1.07816  0.195587  7.62021  -0.567291  0.850449  0.0984265  2.91331  -3.47423  -6.98702  -23.6961  0.0357424  -10.4967  -23.4866  -0.508537  -0.768944  -343.914  -190.211  -259.201  -9.05863  -5.74327  8.03259  4.19941  -2785.93  -1833.78  99.1284  -17.5789  0.00357962
0.00623735  17905.5  0.459876  0.320038  -0.489434  -0.620421  0.599714  0.412994  0.325345  0.982376  1.90942  1.23367  0.227082  8.55518  -0.660541  0.962316  0.116555  3.4058  -3.47269  -6.97686  -23.655  0.0329629  -10.4803  -23.4616  -0.507158  -0.827539  -325.97  -184.666  -249.295  -9.64473  -6.10448  8.62187  4.4437  -2797.75  -1840.07  102.627  -18.3217  0.00383592
0.00645654  18290.6  0.524694  0.365573  -0.556923  -0.705671  0.683815  0.467636  0.357218  1.11987  2.17834  1.41126  0.263511  9.59848  -0.768678  1.08837  0.137919  3.97939  -3.47099  -6.96777  -23.6044  0.0259658  -10.4637  -23.4418  -0.500954  -0.890892  -308.901  -179.654  -240.107  -10.2648  -6.48595  9.2547  4.69874  -2808.98  -1845.87  106.239  -19.1028  0.00410979
0.00668344  18675.8  0.598453  0.417479  -0.633406  -0.802291  0.779426  0.52934  0.391513  1.27616  2.4843  1.61399  0.305619  10.7617  -0.893991  1.23031  0.163075  4.64698  -3.47187  -6.95973  -23.5474  0.0169664  -10.4477  -23.4373  -0.489026  -0.959424  -292.673  -175.168  -231.624  -10.9202  -6.8886  9.93434  4.96457  -2819.64  -1851.18  109.982  -19.9137  0.00440237
0.00691831  19060  0.682346  0.476625  -0.720025  -0.911732  0.888068  0.598993  0.42829  1.45372  2.83224  1.84531  0.354256  12.0573  -1.0391  1.39004  0.192668  5.42342  -3.47412  -6.95387  -23.4841  0.00421171  -10.4327  -23.4585  -0.470354  -1.03359  -277.265  -171.206  -223.841  -11.6124  -7.31331  10.6643  5.24119  -2829.74  -1856  113.845  -20.7675  0.00471489
0.00716143  19442.9  0.777721  0.543992  -0.818053  -1.03562  1.01145  0.677588  0.467586  1.65536  3.22775  2.10917  0.410396  13.4992  -1.20702  1.56966  0.227447  6.32582  -3.47744  -6.94643  -23.4206  -0.00785736  -10.4159  -23.4652  -0.443779  -1.11391  -262.651  -167.763  -216.748  -12.3429  -7.76101  11.4483  5.52851  -2839.3  -1860.34  117.835  -21.6641  0.00504863
0.0074131  19824  0.886095  0.620692  -0.928913  -1.17577  1.1515  0.766236  0.509405  1.8842  3.67708  2.40999  0.475148  15.1023  -1.40117  1.7715  0.268282  7.37384  -3.47624  -6.93668  -23.361  -0.0153261  -10.3975  -23.4523  -0.407992  -1.20091  -248.802  -164.835  -210.336  -13.1131  -8.23263  12.2904  5.82635  -2848.33  -1864.2  121.96  -22.6033  0.00540496
0.00767361  20201  1.00918  0.707978  -1.05419  -1.33422  1.31037  0.866182  0.553712  2.14378  4.1873  2.75281  0.549775  16.883  -1.62548  1.99815  0.316178  8.59006  -3.47413  -6.92591  -23.2998  -0.022184  -10.3775  -23.4316  -0.361516  -1.2952  -235.696  -162.419  -204.6  -13.9242  -8.72911  13.1948  6.13447  -2856.85  -1867.59  126.22  -23.5906  0.00578532
0.00794328  20575.3  1.14888  0.807267  -1.19564  -1.51323  1.49049  0.978817  0.600425  2.43806  4.76632  3.14329  0.635717  18.8587  -1.88441  2.25247  0.372302  10.0003  -3.47537  -6.91677  -23.2307  -0.0342168  -10.3587  -23.4345  -0.30269  -1.39744  -223.305  -160.51  -199.532  -14.7777  -9.25139  14.1663  6.45248  -2864.88  -1870.51  130.621  -24.6271  0.00619125
0.00822243  20943.2  1.30736  0.920151  -1.35523  -1.71531  1.69457  1.1057  0.649406  2.77148  5.42305  3.58783  0.734606  21.0487  -2.18308  2.53759  0.437995  11.6343  -3.47494  -6.90637  -23.1625  -0.0438203  -10.338  -23.4227  -0.229648  -1.50833  -211.605  -159.108  -195.128  -15.6747  -9.80042  15.2097  6.77993  -2872.43  -1872.97  135.168  -25.7156  0.00662437
0.00851138  21307.5  1.48704  1.04843  -1.53514  -1.94329  1.92565  1.24855  0.700444  3.14899  6.16745  4.09364  0.848299  23.4736  -2.52725  2.857  0.514812  13.5259  -3.47798  -6.89792  -23.0855  -0.0580365  -10.3179  -23.432  -0.140301  -1.62867  -200.575  -158.208  -191.383  -16.6164  -10.3772  16.3304  7.11619  -2879.51  -1874.96  139.864  -26.8591  0.00708639
0.00881049  21663.9  1.69061  1.19411  -1.73775  -2.20026  2.18711  1.40933  0.753253  3.57615  7.0107  4.66883  0.978895  26.1556  -2.92353  3.21451  0.604536  15.7138  -3.47851  -6.88738  -23.0105  -0.0696469  -10.2963  -23.4285  -0.0323146  -1.7593  -190.192  -157.811  -188.294  -17.6037  -10.9826  17.5339  7.46052  -2886.14  -1876.48  144.713  -28.0626  0.00757914
0.00912011  22012.9  1.92111  1.35947  -1.96574  -2.4897  2.48275  1.59017  0.807446  4.05915  7.96527  5.32254  1.12877  29.1185  -3.37938  3.61431  0.709219  18.242  -3.47814  -6.87564  -22.9339  -0.0803278  -10.2734  -23.4156  0.0969132  -1.90113  -180.432  -157.913  -185.858  -18.6375  -11.6176  18.8264  7.81202  -2892.34  -1877.55  149.72  -29.3277  0.00810452
0.00944061  22354.3  2.18192  1.54706  -2.22204  -2.81541  2.81679  1.79349  0.862528  4.60492  9.04513  6.065  1.30062  32.3879  -3.90324  4.06101  0.831215  21.161  -3.47961  -6.86511  -22.8516  -0.0942383  -10.2504  -23.417  0.250276  -2.05519  -171.275  -158.513  -184.074  -19.7184  -12.2831  20.2144  8.16963  -2898.1  -1878.15  154.892  -30.6571  0.00866458
0.00977237  22684.2  2.47681  1.75971  -2.50986  -3.18163  3.19392  2.02196  0.917876  5.22113  10.2658  6.90772  1.49746  35.9912  -4.50467  4.55961  0.973213  24.5278  -3.4812  -6.85399  -22.7659  -0.108689  -10.2268  -23.4173  0.430983  -2.22254  -162.7  -159.611  -182.94  -20.847  -12.9801  21.7046  8.53212  -2903.45  -1878.28  160.229  -32.0564  0.00926144
0.0101158  23005.1  2.80999  2.00063  -2.83276  -3.59302  3.61935  2.27855  0.97272  5.91635  11.6446  7.86356  1.72271  39.9575  -5.19446  5.11563  1.13831  28.4073  -3.48203  -6.8419  -22.6796  -0.121919  -10.2019  -23.4116  0.642585  -2.40437  -154.687  -161.205  -182.456  -22.0234  -13.7096  23.3044  8.89805  -2908.4  -1877.96  165.739  -33.5275  0.00989739
0.0104713  23312.7  3.18612  2.27337  -3.19462  -4.05471  4.09887  2.56655  1.02612  6.70005  13.2009  8.94691  1.9802  44.3177  -5.98475  5.73503  1.33001  32.8729  -3.48365  -6.83017  -22.5886  -0.13717  -10.1766  -23.4117  0.889001  -2.60195  -147.218  -163.295  -182.624  -23.2476  -14.4723  25.0217  9.26579  -2912.96  -1877.16  171.426  -35.0742  0.0105748
0.0108393  23607  3.6104  2.58192  -3.59968  -4.57234  4.63888  2.88962  1.07696  7.58276  14.9558  10.1738  2.27422  49.1047  -6.8892  6.42433  1.55234  38.0078  -3.4856  -6.818  -22.494  -0.153243  -10.1505  -23.4133  1.17455  -2.81665  -140.276  -165.881  -183.446  -24.5193  -15.2693  26.8647  9.6335  -2917.13  -1875.91  177.29  -36.704  0.0112962
0.0112202  23886.2  4.08858  2.9307  -4.05257  -5.1521  5.24646  3.25181  1.12388  8.57608  16.9333  11.5623  2.60959  54.3528  -7.92314  7.19056  1.80988  43.9057  -3.48736  -6.80535  -22.3971  -0.169118  -10.1235  -23.412  1.50395  -3.04994  -133.841  -168.962  -184.924  -25.8378  -16.1013  28.8422  9.99911  -2920.92  -1874.18  183.345  -38.4145  0.0120642
0.0116145  24150.8  4.62702  3.32464  -4.55834  -5.80075  5.9294  3.65759  1.16533  9.69286  19.1593  13.1321  2.99169  60.0985  -9.10371  8.04138  2.10783  50.6722  -3.4894  -6.79254  -22.2962  -0.186276  -10.0957  -23.4142  1.88241  -3.3034  -127.901  -172.539  -187.062  -27.202  -16.9693  30.9635  10.3603  -2924.35  -1871.98  189.585  -40.2172  0.0128816
0.0120226  24397.6  5.23275  3.7692  -5.12243  -6.52569  6.6963  4.1119  1.19946  10.9472  21.6628  14.9054  3.4265  66.3798  -10.4501  8.985  2.45211  58.4261  -3.49171  -6.77938  -22.1921  -0.20392  -10.0671  -23.416  2.31557  -3.57872  -122.437  -176.611  -189.866  -28.6104  -17.8741  33.2384  10.7146  -2927.42  -1869.3  196.022  -42.1103  0.0137515
0.0124451  24625.6  5.91351  4.27044  -5.75075  -7.33496  7.55658  4.62019  1.22414  12.3547  24.4756  16.9069  3.92068  73.2364  -11.9837  10.0303  2.84938  67.3006  -3.49407  -6.76592  -22.0846  -0.222271  -10.0377  -23.4183  2.80958  -3.8777  -117.436  -181.178  -193.338  -30.0611  -18.8166  35.6773  11.0592  -2930.14  -1866.14  202.658  -44.1007  0.0146768
0.0128825  24833.4  6.67781  4.83505  -6.44966  -8.23729  8.52057  5.18846  1.23695  13.9322  27.6326  19.1635  4.48163  80.7094  -13.7282  11.1868  3.30722  77.4446  -3.49689  -6.75223  -21.9734  -0.241574  -10.0076  -23.4229  3.37112  -4.20224  -112.886  -186.241  -197.487  -31.5515  -19.7974  38.291  11.3911  -2932.5  -1862.5  209.496  -46.193  0.0156608
0.0133352  25019.7  7.53498  5.47041  -7.22598  -9.24217  9.59955  5.82329  1.23509  15.6985  31.1722  21.7052  5.11753  88.8412  -15.71  12.4646  3.83423  89.0245  -3.49988  -6.73819  -21.859  -0.261502  -9.97659  -23.428  4.00741  -4.55438  -108.775  -191.8  -202.318  -33.0788  -20.8175  41.091  11.707  -2934.53  -1858.37  216.539  -48.3923  0.016707
0.0138038  25183.4  8.49524  6.18466  -8.08702  -10.3598  10.8058  6.53192  1.21542  17.6738  35.1362  24.565  5.8374  97.6757  -17.9582  13.8747  4.44008  102.225  -3.5033  -6.7241  -21.7404  -0.282486  -9.94489  -23.4352  4.7262  -4.93622  -105.09  -197.854  -207.84  -34.6394  -21.8775  44.0893  12.0034  -2936.21  -1853.74  223.795  -50.7002  0.0178191
0.0142889  25322.7  9.56973  6.98672  -9.04056  -11.6014  12.1527  7.32227  1.17442  19.8802  39.5704  27.7791  6.65117  107.257  -20.5049  15.4284  5.1357  117.252  -3.50685  -6.70957  -21.6186  -0.304077  -9.91234  -23.4432  5.53582  -5.35001  -101.824  -204.405  -214.059  -36.229  -22.9782  47.2983  12.2766  -2937.56  -1848.62  231.264  -53.1229  0.0190006
0.0147911  25435.3  10.7706  7.88635  -10.0948  -12.9786  13.6548  8.20296  1.10816  22.3416  44.5244  31.3871  7.56973  117.631  -23.3854  17.1382  5.93344  134.332  -3.51079  -6.69491  -21.493  -0.3266  -9.87906  -23.4527  6.44517  -5.79805  -98.9661  -211.451  -220.985  -37.8428  -24.1204  50.7309  12.5228  -2938.57  -1842.99  238.95  -55.665  0.0202558
0.0153109  25521.7  12.1109  8.89422  -11.2585  -14.5042  15.3277  9.18344  1.01226  25.0839  50.0521  35.4323  8.605  128.844  -26.6385  19.0168  6.84723  153.716  -3.51497  -6.67999  -21.3637  -0.350011  -9.84496  -23.4636  7.4637  -6.28275  -96.5088  -218.994  -228.626  -39.4753  -25.3046  54.4006  12.7377  -2939.25  -1836.85  246.857  -58.3301  0.0215887
0.0158489  25578.3  13.605  10.0219  -12.5408  -16.1919  17.1881  10.2739  0.881959  28.1349  56.2117  39.9618  9.76996  140.939  -30.3061  21.0778  7.89276  175.679  -3.5196  -6.66487  -21.2307  -0.374311  -9.81015  -23.4765  8.60142  -6.80657  -94.4454  -227.031  -236.99  -41.1203  -26.5316  58.3213  12.9172  -2939.59  -1830.19  254.988  -61.1204  0.0230037
0.0164059  25605.1  15.2682  11.2821  -13.9513  -18.0561  19.2543  11.4856  0.712023  31.5244  63.0659  45.0268  11.0787  153.965  -34.4342  23.3354  9.08782  200.522  -3.52445  -6.64951  -21.094  -0.399426  -9.77454  -23.4905  9.86888  -7.37202  -92.7698  -235.562  -246.086  -42.7711  -27.802  62.507  13.0567  -2939.6  -1823.01  263.345  -64.0415  0.0245054
0.0169824  25601.6  17.1169  12.6884  -15.4997  -20.1124  21.5454  12.8303  0.496808  35.2843  70.6818  50.6826  12.5465  167.964  -39.0723  25.8044  10.4525  228.572  -3.5298  -6.63402  -20.9535  -0.425574  -9.73825  -23.507  11.2771  -7.98166  -91.4769  -244.588  -255.924  -44.4198  -29.1164  66.9723  13.1519  -2939.27  -1815.3  271.927  -67.0971  0.0260988
0.0175792  25563.9  19.1687  14.2555  -17.1964  -22.3771  24.082  14.3212  0.230252  39.4485  79.1315  56.9889  14.1897  182.98  -44.2739  28.5001  12.0094  260.186  -3.53547  -6.61833  -20.8094  -0.452609  -9.7012  -23.525  12.8376  -8.63803  -90.5634  -254.105  -266.512  -46.0584  -30.4754  71.732  13.1982  -2938.6  -1807.07  280.741  -70.2881  0.0277887
0.018197  25493.4  21.4424  15.999  -19.0518  -24.8676  26.8858  15.9721  -0.0940871  44.0527  88.4913  64.0096  16.0259  199.056  -50.096  31.4385  13.7842  295.748  -3.54155  -6.60251  -20.6615  -0.480606  -9.66347  -23.5451  14.5622  -9.34364  -90.0277  -264.114  -277.859  -47.6779  -31.8794  76.8008  13.1911  -2937.58  -1798.29  289.784  -73.6184  0.0295805
0.0188365  25388.8  23.9578  17.936  -21.0764  -27.6021  29.9796  17.798  -0.482998  49.1346  98.8422  71.813  18.074  216.231  -56.5995  34.6359  15.8062  335.668  -3.54806  -6.58655  -20.5098  -0.509554  -9.62505  -23.5673  16.4632  -10.101  -89.8678  -274.613  -289.974  -49.2688  -33.3289  82.1937  13.126  -2936.23  -1788.97  299.058  -77.0898  0.0314797
0.0194984  25248.2  26.7359  20.0843  -23.2809  -30.6001  33.3876  19.8147  -0.943554  54.7336  110.27  80.4718  20.3538  234.542  -63.849  38.1092  18.1084  380.389  -3.55501  -6.57049  -20.3545  -0.539528  -9.58597  -23.5916  18.5528  -10.9123  -90.0832  -285.601  -302.864  -50.821  -34.8242  87.9253  12.9987  -2934.51  -1779.11  308.563  -80.7037  0.0334922
0.0201837  25071.9  29.7988  22.4628  -25.6758  -33.8821  37.1347  22.0391  -1.48304  60.8904  122.863  90.0632  22.8865  254.024  -71.9123  41.8753  20.7287  430.374  -3.56241  -6.55434  -20.1955  -0.570484  -9.54626  -23.6184  20.8438  -11.78  -90.6753  -297.075  -316.537  -52.324  -36.3657  94.0102  12.8049  -2932.44  -1768.69  318.296  -84.4619  0.035624
0.020893  24859.6  33.1692  25.0917  -28.2715  -37.4694  41.2468  24.4891  -2.10888  67.6471  136.716  100.668  25.6942  274.708  -80.86  45.9518  23.7101  486.114  -3.57024  -6.53808  -20.0329  -0.602412  -9.50591  -23.6473  23.3485  -12.7059  -91.6454  -309.034  -331.001  -53.7668  -37.9534  100.463  12.5409  -2930.01  -1757.73  328.258  -88.3629  0.0378815
0.0216272  24610.7  36.8712  27.9917  -31.0781  -41.3848  45.7506  27.1836  -2.82849  75.0465  151.924  112.371  28.7998  296.621  -90.7653  50.3563  27.102  548.122  -3.57856  -6.52177  -19.8667  -0.635342  -9.46498  -23.6788  26.0793  -13.6919  -92.9982  -321.475  -346.261  -55.1384  -39.5874  107.296  12.2029  -2927.2  -1746.2  338.446  -92.4078  0.0402712
0.0223872  24325.1  40.9291  31.1848  -34.1051  -45.6524  50.6734  30.1422  -3.64918  83.1321  168.589  125.26  32.2274  319.787  -101.703  55.1067  30.9612  616.925  -3.58735  -6.50542  -19.6969  -0.669283  -9.42349  -23.7127  29.0484  -14.7395  -94.7369  -334.397  -362.324  -56.4275  -41.2675  114.523  11.7879  -2924.01  -1734.11  348.857  -96.595  0.0428002
0.0231739  24003.3  45.3681  34.6934  -37.3613  -50.2974  56.0427  33.3854  -4.57802  91.9471  186.81  139.428  36.0014  344.224  -113.75  60.221  35.3528  693.064  -3.59665  -6.48905  -19.5237  -0.704253  -9.38145  -23.7492  32.2672  -15.8498  -96.8677  -347.798  -379.194  -57.6229  -42.9933  122.156  11.293  -2920.43  -1721.47  359.487  -100.922  0.0454756
0.0239883  23647.5  50.2135  38.5407  -40.8548  -55.3471  61.8864  36.9345  -5.62166  101.534  206.691  154.966  40.1469  369.948  -126.98  65.7176  40.3526  777.084  -3.60645  -6.47268  -19.347  -0.740223  -9.3389  -23.7884  35.7468  -17.0237  -99.3973  -361.675  -396.876  -58.7135  -44.764  130.206  10.716  -2916.45  -1708.25  370.332  -105.387  0.0483051
0.0248313  23256.3  55.4911  42.7503  -44.5928  -60.8305  68.2319  40.8114  -6.78617  111.934  228.335  171.971  44.6892  396.97  -141.469  71.615  46.0474  869.528  -3.61676  -6.45632  -19.167  -0.777207  -9.29587  -23.8302  39.4971  -18.2614  -102.334  -376.026  -415.373  -59.6888  -46.5787  138.682  10.0553  -2912.06  -1694.48  381.386  -109.986  0.0512964
0.025704  22833.1  61.2264  47.346  -48.5811  -66.7787  75.1067  45.0384  -8.07684  123.187  251.846  190.538  49.6537  425.295  -157.289  77.9321  52.5382  970.924  -3.6276  -6.43999  -18.9837  -0.815203  -9.25239  -23.8749  43.5273  -19.563  -105.687  -390.848  -434.689  -60.5388  -48.436  147.593  9.3096  -2907.25  -1680.14  392.642  -114.715  0.0544579
0.0266073  22379  67.4444  52.3517  -52.8245  -73.2258  82.5371  49.6379  -9.49807  135.329  277.324  210.764  55.0654  454.927  -174.508  84.6883  59.942  1081.78  -3.63895  -6.42371  -18.7971  -0.854193  -9.20847  -23.9223  47.8452  -20.9277  -109.467  -406.14  -454.826  -61.2542  -50.3342  156.944  8.4784  -2902.02  -1665.23  404.095  -119.569  0.057798
0.0275423  21896.4  74.1698  57.7909  -57.3261  -80.2088  90.5487  54.6329  -11.0531  148.393  304.869  232.743  60.9489  485.867  -193.187  91.904  68.3943  1202.57  -3.65084  -6.4075  -18.6075  -0.89417  -9.16416  -23.9725  52.4575  -22.3545  -113.686  -421.899  -475.786  -61.8268  -52.271  166.741  7.56163  -2896.34  -1649.76  415.737  -124.541  0.0613258
0.0285102  21388.2  81.4263  63.6869  -62.0879  -87.769  99.1657  60.0458  -12.7441  162.406  334.575  256.568  67.3281  518.11  -213.381  99.6004  78.0522  1333.7  -3.66325  -6.39137  -18.4148  -0.935133  -9.11948  -24.0256  57.3693  -23.8417  -118.358  -438.12  -497.57  -62.2493  -54.2436  176.987  6.55975  -2890.21  -1633.72  427.56  -129.627  0.0650504
0.0295121  20857.8  89.2365  70.0622  -67.1102  -95.9519  108.411  65.8989  -14.5716  177.392  366.533  282.33  74.2255  551.655  -235.136  107.8  89.0976  1475.55  -3.6762  -6.37534  -18.2192  -0.977066  -9.07447  -24.0816  62.5842  -25.3873  -123.497  -454.802  -520.181  -62.5157  -56.2487  187.684  5.47363  -2883.61  -1617.12  439.553  -134.818  0.0689817
0.0305492  20308.7  97.6218  76.9384  -72.3918  -104.809  118.305  72.2141  -16.5349  193.367  400.829  310.116  81.6627  586.497  -258.484  116.529  101.739  1628.38  -3.68969  -6.35942  -18.0207  -1.01996  -9.02915  -24.1404  68.1044  -26.9888  -129.119  -471.94  -543.619  -62.6212  -58.2824  198.83  4.3044  -2876.54  -1599.96  451.709  -140.108  0.0731297
0.0316228  19743.6  106.602  84.336  -77.9303  -114.397  128.868  79.0126  -18.6319  210.339  437.54  340.006  89.6594  622.633  -283.449  125.813  116.217  1792.4  -3.7037  -6.34362  -17.8195  -1.06378  -8.98355  -24.2021  73.9306  -28.6432  -135.241  -489.529  -567.886  -62.5622  -60.34  210.423  3.05337  -2868.98  -1582.23  464.018  -145.489  0.0775049
0.0327341  19168.5  116.195  92.2743  -83.722  -124.781  140.115  86.3145  -20.8591  228.311  476.74  372.077  98.234  660.061  -310.036  135.683  132.804  1967.67  -3.71824  -6.32796  -17.6156  -1.10852  -8.93769  -24.2667  80.0623  -30.3472  -141.882  -507.564  -592.982  -62.3361  -62.4165  222.46  1.72179  -2860.93  -1563.94  476.471  -150.955  0.0821181
0.0338844  18586.3  126.418  100.771  -89.7626  -136.035  152.064  94.1392  -23.2117  247.276  518.493  406.4  107.403  698.784  -338.238  146.174  151.815  2154.18  -3.7333  -6.31245  -17.4093  -1.15415  -8.8916  -24.3342  86.4977  -32.0975  -149.062  -526.037  -618.911  -61.9413  -64.506  234.936  0.310679  -2852.36  -1545.1  489.056  -156.497  0.0869806
0.0350752  18003.5  137.285  109.843  -96.0471  -148.242  164.727  102.505  -25.6842  267.219  562.861  443.041  117.181  738.81  -368.029  157.326  173.599  2351.76  -3.74887  -6.29709  -17.2005  -1.20065  -8.84531  -24.4044  93.2348  -33.8906  -156.802  -544.94  -645.674  -61.3766  -66.602  247.846  -1.17946  -2843.28  -1525.69  501.765  -162.11  0.0921043
0.0363078  17423.7  148.811  119.505  -102.571  -161.495  178.117  111.428  -28.2704  288.121  609.898  482.061  127.583  780.152  -399.37  169.183  198.548  2560.15  -3.76495  -6.28189  -16.9894  -1.248  -8.79884  -24.4774  100.271  -35.7231  -165.124  -564.261  -673.275  -60.6408  -68.6976  261.183  -2.74883  -2833.65  -1505.73  514.588  -167.786  0.0975011
0.0375837  16849.6  161.01  129.773  -109.329  -175.898  192.247  120.926  -30.964  309.951  659.658  523.516  138.62  822.828  -432.209  181.795  227.095  2778.96  -3.78152  -6.26687  -16.7761  -1.29617  -8.75222  -24.5531  107.605  -37.5919  -174.052  -583.987  -701.715  -59.7322  -70.7854  274.942  -4.39858  -2823.49  -1485.21  527.517  -173.521  0.103184
0.0389045  16282.1  173.894  140.66  -116.318  -191.568  207.127  131.014  -33.7593  332.676  712.191  567.463  150.305  866.865  -466.476  195.222  259.72  3007.66  -3.79857  -6.25202  -16.5608  -1.34512  -8.70547  -24.6315  115.236  -39.4942  -183.611  -604.103  -730.997  -58.6474  -72.8576  289.118  -6.13101  -2812.76  -1464.13  540.543  -179.309  0.109165
0.0402717  15731.6  187.475  152.178  -123.538  -208.639  222.771  141.706  -36.6521  356.253  767.547  613.949  162.65  912.296  -502.083  209.531  296.962  3245.58  -3.8161  -6.23735  -16.3435  -1.39485  -8.6586  -24.7125  123.164  -41.4279  -193.827  -624.591  -761.126  -57.3808  -74.906  303.709  -7.94994  -2801.47  -1442.51  553.659  -185.147  0.115459
0.0416869  15203.4  201.767  164.341  -130.99  -227.257  239.192  153.015  -39.6411  380.637  825.779  663.027  175.667  959.161  -538.936  224.798  339.395  3491.94  -3.83408  -6.22287  -16.1243  -1.4453  -8.61165  -24.7961  131.397  -43.3918  -204.727  -645.428  -792.103  -55.9228  -76.9229  318.716  -9.86094  -2789.59  -1420.33  566.858  -191.032  0.122079
0.0431519  14701.6  216.786  177.163  -138.681  -247.579  256.409  164.955  -42.7283  405.788  886.955  714.755  189.371  1007.5  -576.942  241.106  387.617  3745.97  -3.85252  -6.20857  -15.9034  -1.49646  -8.56463  -24.8821  139.942  -45.3861  -216.339  -666.588  -823.929  -54.2591  -78.901  334.142  -11.8714  -2777.12  -1397.61  580.133  -196.963  0.12904
0.0446684  14229.6  232.552  190.66  -146.621  -269.765  274.444  177.54  -45.9211  431.671  951.155  769.201  203.781  1057.35  -616.021  258.543  442.224  4006.95  -3.87138  -6.19447  -15.6808  -1.5483  -8.51755  -24.9706  148.814  -47.412  -228.693  -688.044  -856.603  -52.3689  -80.8337  349.997  -13.9906  -2764.04  -1374.36  593.48  -202.94  0.136356
0.0462381  13790.1  249.091  204.855  -154.828  -293.975  293.328  190.788  -49.2321  458.27  1018.48  826.452  218.921  1108.76  -656.116  277.2  503.789  4274.29  -3.89067  -6.18056  -15.4568  -1.60078  -8.47045  -25.0614  158.035  -49.472  -241.819  -709.764  -890.12  -50.2247  -82.7152  366.294  -16.229  -2750.32  -1350.59  606.892  -208.961  0.144043
0.047863  13381  266.436  219.772  -163.323  -320.362  313.1  204.72  -52.6807  485.587  1089.08  886.614  234.824  1161.75  -697.209  297.164  572.833  4547.69  -3.91037  -6.16685  -15.2313  -1.65388  -8.42334  -25.1546  167.63  -51.5697  -255.748  -731.714  -924.471  -47.7905  -84.541  383.051  -18.5985  -2735.96  -1326.3  620.364  -215.027  0.152116
0.049545  13004  284.625  235.444  -172.133  -349.063  333.806  219.36  -56.2929  513.649  1163.09  949.818  251.528  1216.32  -739.326  318.518  649.802  4827.14  -3.93046  -6.15335  -15.0045  -1.70757  -8.37624  -25.2499  177.635  -53.7092  -270.511  -753.856  -959.642  -45.0222  -86.3078  400.292  -21.1109  -2720.94  -1301.51  633.89  -221.136  0.160591
0.0512861  12654  303.705  251.909  -181.288  -380.193  355.502  234.737  -60.1016  542.512  1240.72  1016.22  269.08  1272.46  -782.55  341.334  735.028  5113.06  -3.95094  -6.14005  -14.7765  -1.76182  -8.32917  -25.3475  188.089  -55.8954  -286.143  -776.153  -995.61  -41.8676  -88.0133  418.046  -23.7776  -2705.23  -1276.26  647.46  -227.288  0.169485
0.0530884  12330.3  323.73  269.209  -190.824  -413.836  378.252  250.882  -64.1459  572.264  1322.18  1086  287.537  1330.12  -827.026  365.669  828.707  5406.31  -3.9718  -6.12698  -14.5475  -1.81661  -8.28216  -25.4472  199.037  -58.1327  -302.676  -798.565  -1032.35  -38.2663  -89.6568  436.341  -26.6088  -2688.8  -1250.55  661.064  -233.476  0.178814
0.0549541  12027.1  344.759  287.395  -200.777  -450.03  402.124  267.831  -68.4708  603.025  1407.72  1159.36  306.958  1389.22  -872.967  391.557  930.858  5708.29  -3.99302  -6.11413  -14.3175  -1.87191  -8.23523  -25.549  210.528  -60.4252  -320.144  -821.054  -1069.81  -34.1521  -91.2388  455.208  -29.6118  -2671.65  -1224.44  674.686  -239.693  0.188597
0.0568853  11742.3  366.853  306.515  -211.183  -488.766  427.191  285.622  -73.1253  634.946  1497.58  1236.51  327.408  1449.61  -920.65  419.004  1041.3  6020.88  -4.01461  -6.10151  -14.0866  -1.92771  -8.18841  -25.6528  222.611  -62.776  -338.582  -843.581  -1107.95  -29.4541  -92.7614  474.676  -32.7907  -2653.72  -1197.95  688.307  -245.928  0.19885
0.0588844  11470.2  390.073  326.623  -222.075  -529.965  453.524  304.291  -78.1614  668.207  1592.02  1317.66  348.955  1511.1  -970.424  447.977  1159.6  6346.57  -4.03655  -6.08914  -13.855  -1.98396  -8.14173  -25.7588  235.333  -65.1868  -358.025  -866.114  -1146.7  -24.1008  -94.2286  494.766  -36.1451  -2635.01  -1171.14  701.9  -252.164  0.209592
0.0609537  11231.2  414.482  347.773  -233.481  -573.438  481.19  323.879  -83.63  703.042  1691.28  1403.04  371.667  1573.43  -1022.75  478.385  1284.91  6688.81  -4.05885  -6.07704  -13.6227  -2.04067  -8.09522  -25.8667  248.734  -67.6577  -378.509  -888.621  -1185.99  -18.0241  -95.646  515.493  -39.6695  -2615.47  -1144.05  715.429  -258.377  0.220841
0.0630957  10968.9  440.149  370.032  -245.41  -618.82  510.267  344.44  -89.5728  739.784  1795.66  1492.92  395.624  1636.29  -1078.32  510.034  1415.72  7052.87  -4.0815  -6.0652  -13.39  -2.09779  -8.04891  -25.9768  262.84  -70.1838  -400.067  -911.08  -1225.74  -11.1682  -97.0183  536.847  -43.3493  -2595.08  -1116.74  728.85  -264.538  0.232616
0.0653131  10696.7  467.118  393.445  -257.854  -665.709  540.79  366.012  -96.0161  778.704  1905.31  1587.5  420.878  1699.3  -1137.72  542.701  1550.5  7443.49  -4.10449  -6.05366  -13.1569  -2.15532  -8.00283  -26.0888  277.651  -72.7537  -422.735  -933.473  -1265.84  -3.49733  -98.3476  558.799  -47.1599  -2573.82  -1089.28  742.11  -270.607  0.244938
0.0676083  10407.3  495.404  418.039  -270.779  -713.619  572.77  388.62  -102.966  820.058  2020.3  1686.86  447.458  1762.04  -1201.52  576.106  1687.45  7865.48  -4.12783  -6.04242  -12.9235  -2.21323  -7.95702  -26.2029  293.143  -75.3511  -446.544  -955.791  -1306.2  4.99838  -99.6341  581.287  -51.0682  -2551.65  -1061.73  755.143  -276.54  0.257825
0.0699842  10092.7  524.997  443.819  -284.123  -761.995  606.175  412.274  -110.405  864.055  2140.58  1791.05  475.363  1824.04  -1270.27  609.918  1824.63  8323.46  -4.1515  -6.03152  -12.6901  -2.27149  -7.91153  -26.319  309.254  -77.9534  -471.529  -978.03  -1346.71  14.2954  -100.874  604.213  -55.0324  -2528.56  -1034.16  767.875  -282.283  0.271298
0.0724436  9746.88  555.844  470.761  -297.791  -810.262  640.927  436.966  -118.282  910.816  2265.92  1899.94  504.555  1884.85  -1344.33  643.781  1960.13  8821.1  -4.17552  -6.02095  -12.4566  -2.33009  -7.86638  -26.4372  325.888  -80.5321  -497.717  -1000.19  -1387.26  24.3304  -102.061  627.446  -59.0031  -2504.53  -1006.62  780.223  -287.779  0.285378
0.0749894  9367  587.847  498.803  -311.657  -857.891  676.892  462.656  -126.513  960.325  2395.91  2013.28  534.949  1944  -1423.85  677.345  2092.36  9360.4  -4.19987  -6.01074  -12.2234  -2.389  -7.82161  -26.5574  342.905  -83.0536  -525.136  -1022.29  -1427.77  34.9976  -103.182  650.812  -62.9256  -2479.58  -979.184  792.097  -292.97  0.300087
0.0776247  8954.57  620.858  527.839  -325.566  -904.482  713.877  489.272  -134.984  1012.38  2529.94  2130.64  566.406  2001.11  -1508.61  710.315  2220.37  9940.83  -4.22454  -6.0009  -11.9904  -2.44818  -7.77726  -26.6795  360.127  -85.481  -553.808  -1044.33  -1468.13  46.1487  -104.218  674.106  -66.7438  -2453.7  -951.889  803.405  -297.795  0.315446
0.0803526  8514.28  654.677  557.722  -339.342  -949.85  751.632  516.708  -143.549  1066.56  2667.19  2251.4  598.736  2055.83  -1597.99  742.493  2344.13  10558.7  -4.24953  -5.99145  -11.7579  -2.50761  -7.73336  -26.8036  377.348  -87.7767  -583.751  -1066.33  -1508.29  57.5988  -105.149  697.098  -70.4041  -2426.91  -924.778  814.056  -302.201  0.331478
0.0831764  8054.15  689.068  588.267  -352.801  -994.096  789.868  544.826  -152.043  1122.23  2806.67  2374.79  631.708  2107.96  -1690.9  773.827  2464.8  11206.7  -4.27482  -5.98239  -11.5261  -2.56725  -7.68995  -26.9296  394.343  -89.906  -614.977  -1088.29  -1548.2  69.1383  -105.951  719.547  -73.8609  -2399.25  -897.876  823.968  -306.144  0.348206
0.0860994  7584.97  723.768  619.265  -365.764  -1037.67  828.272  573.465  -160.298  1178.51  2947.33  2499.96  665.064  2157.39  -1785.79  804.452  2584.91  11873.9  -4.30039  -5.97372  -11.295  -2.62706  -7.64705  -27.0573  410.885  -91.84  -647.491  -1110.21  -1587.84  80.5491  -106.599  741.222  -77.0814  -2370.77  -871.197  833.072  -309.594  0.365655
0.0891251  7119.19  758.519  650.498  -378.074  -1081.42  866.54  602.454  -168.154  1234.37  3088.09  2626.01  698.542  2204.16  -1880.74  834.709  2708.43  12546.2  -4.32623  -5.96546  -11.0648  -2.687  -7.60469  -27.1868  426.773  -93.5594  -681.29  -1132.09  -1627.21  91.6262  -107.07  761.919  -80.049  -2341.52  -844.739  841.318  -312.537  0.383847
0.0922571  6669.3  793.087  681.767  -389.62  -1126.56  904.407  631.629  -175.481  1288.66  3228.01  2752.14  731.904  2248.46  -1973.56  865.158  2840.68  13206.9  -4.35231  -5.9576  -10.8357  -2.74702  -7.56288  -27.3178  441.846  -95.0562  -716.366  -1153.9  -1666.33  102.203  -107.346  781.489  -82.7663  -2311.56  -818.492  848.681  -314.979  0.402809
0.0954993  6248.44  827.293  712.908  -400.347  -1174.62  941.678  660.851  -182.199  1340.22  3366.37  2877.66  764.965  2290.55  -2061.95  896.558  2988.03  13838.2  -4.3786  -5.95012  -10.6078  -2.80707  -7.52165  -27.4502  456.017  -96.3355  -752.702  -1175.61  -1705.25  112.175  -107.416  799.859  -85.2552  -2280.96  -792.438  855.165  -316.946  0.422565
0.0988553  5868.03  861.041  743.82  -410.273  -1227.36  978.262  690.022  -188.294  1388.01  3502.78  3002.18  797.619  2330.78  -2143.76  929.806  3157.36  14422.8  -4.40508  -5.94304  -10.3812  -2.86712  -7.481  -27.5839  469.285  -97.416  -790.278  -1197.18  -1744.01  121.526  -107.276  817.044  -87.5558  -2249.77  -766.556  860.801  -318.482  0.443142
0.102329  5536.86  894.336  774.48  -419.495  -1286.49  1014.19  719.101  -193.828  1431.22  3637.27  3125.61  829.86  2369.51  -2217.28  965.827  3355.15  14946.4  -4.43171  -5.93633  -10.1561  -2.9271  -7.44094  -27.7188  481.75  -98.329  -829.069  -1218.56  -1782.65  130.338  -106.936  833.161  -89.7221  -2218.05  -740.83  865.644  -319.647  0.464566
0.105925  5258.08  927.3  804.961  -428.188  -1353.42  1049.64  748.119  -198.947  1469.53  3770.37  3248.26  861.803  2407.03  -2281.63  1005.42  3586.3  15400.7  -4.45848  -5.92998  -9.93266  -2.98697  -7.40149  -27.8545  493.61  -99.1147  -869.05  -1239.69  -1821.21  138.799  -106.414  848.421  -91.815  -2185.83  -715.255  869.77  -320.508  0.486864
0.109648  5030.46  960.159  835.422  -436.578  -1428.89  1084.9  777.176  -203.862  1503.15  3903  3370.81  893.669  2443.51  -2337.01  1049.09  3852.9  15785.3  -4.48534  -5.92399  -9.71089  -3.04669  -7.36264  -27.991  505.14  -99.8173  -910.2  -1260.51  -1859.66  147.18  -105.742  863.1  -93.893  -2153.14  -689.843  873.259  -321.131  0.510063
0.113501  4845.83  993.213  866.094  -444.917  -1512.71  1120.33  806.428  -208.828  1532.95  4036.41  3494.21  925.759  2478.94  -2384.9  1096.86  4153.12  16110.1  -4.51228  -5.91834  -9.49094  -3.10621  -7.32441  -28.1282  516.658  -100.478  -952.502  -1280.98  -1897.97  155.81  -104.955  877.507  -96.0017  -2119.97  -664.628  876.188  -321.573  0.53419
0.11749  4691.5  1026.78  897.225  -453.439  -1603.49  1156.33  836.053  -214.101  1560.4  4171.89  3619.49  958.397  2513.05  -2428.03  1148.14  4480.55  16395.1  -4.53926  -5.91303  -9.27293  -3.16549  -7.2868  -28.2659  528.465  -101.129  -995.947  -1301.08  -1936.05  165.011  -104.094  891.919  -98.1642  -2086.3  -639.663  878.607  -321.872  0.559273
0.121619  4553.19  1061.12  929.035  -462.308  -1698.63  1193.21  866.209  -219.891  1587.45  4310.53  3747.55  991.861  2545.38  -2470.17  1201.68  4824.07  16668.9  -4.56627  -5.90804  -9.05694  -3.2245  -7.24981  -28.4039  540.784  -101.785  -1040.53  -1320.79  -1973.78  175.043  -103.196  906.525  -100.375  -2052.1  -615.026  880.534  -322.037  0.585341
0.125893  4412.17  1096.4  961.665  -471.57  -1794.32  1231.13  897.006  -226.306  1616.31  4452.96  3878.99  1026.32  2575.27  -2515.79  1255.58  5168.37  16966.9  -4.59329  -5.90337  -8.84308  -3.2832  -7.21346  -28.5423  553.691  -102.443  -1086.25  -1340.13  -2011  186.026  -102.289  921.357  -102.596  -2017.34  -590.804  881.939  -322.047  0.612421
0.130317  4251.21  1132.58  995.122  -481.111  -1886.16  1270.04  928.463  -233.305  1649.07  4599.06  4013.82  1061.78  2601.97  -2569.22  1307.54  5496.29  17324.4  -4.62029  -5.89903  -8.63143  -3.34156  -7.17776  -28.6808  567.063  -103.069  -1133.12  -1359.13  -2047.55  197.882  -101.383  936.245  -104.755  -1981.98  -567.087  882.745  -321.845  0.640542
0.134896  4056.78  1169.4  1029.22  -490.644  -1970.04  1309.59  960.459  -240.665  1687.06  4747.71  4151.26  1097.98  2624.78  -2633.49  1355.33  5792.6  17767.7  -4.64728  -5.89499  -8.42209  -3.39956  -7.14271  -28.8195  580.556  -103.607  -1181.12  -1377.84  -2083.28  210.307  -100.46  950.804  -106.754  -1946.02  -543.955  882.837  -321.353  0.669734
0.139637  3827.22  1206.33  1063.55  -499.744  -2043.48  1349.12  992.687  -248.011  1730.17  4896.72  4289.62  1134.41  2643.19  -2708.86  1397.48  6049.09  18302.2  -4.67422  -5.89128  -8.21513  -3.45717  -7.10834  -28.9581  593.644  -103.981  -1230.24  -1396.31  -2118.11  222.802  -99.4763  964.486  -108.486  -1909.47  -521.458  882.082  -320.478  0.700026
0.144544  3572.65  1242.63  1097.5  -507.938  -2106.62  1387.75  1024.68  -254.887  1776.55  5043.07  4426.42  1170.33  2657.04  -2792.11  1433.8  6268.2  18906  -4.70111  -5.88788  -8.01065  -3.51435  -7.07464  -29.0967  605.725  -104.121  -1280.45  -1414.56  -2152  234.765  -98.3764  976.685  -109.865  -1872.41  -499.612  880.357  -319.142  0.731449
0.149624  3310.29  1277.54  1130.45  -514.82  -2162.48  1424.64  1055.92  -260.868  1822.94  5183.72  4559.08  1204.99  2666.5  -2877.12  1465.62  6463.65  19533.2  -4.72793  -5.88478  -7.80872  -3.57109  -7.04163  -29.2352  616.261  -103.98  -1331.69  -1432.6  -2184.97  245.639  -97.1094  986.884  -110.85  -1834.93  -478.394  877.577  -317.294  0.764032
0.154882  3058.14  1310.55  1161.93  -520.157  -2216.42  1459.16  1086.03  -265.671  1865.45  5316.5  4685.68  1237.84  2672.1  -2956.26  1495.53  6657.81  20125  -4.75467  -5.88199  -7.60942  -3.62735  -7.00931  -29.3735  624.917  -103.546  -1383.88  -1450.42  -2217.13  255.046  -95.6404  994.788  -111.451  -1797.15  -457.753  873.725  -314.927  0.797808
0.160325  2832.82  1341.44  1191.74  -523.951  -2275.16  1491.14  1114.82  -269.229  1900.33  5440.63  4805.44  1268.67  2674.58  -3021.98  1526.92  6877.47  20621.1  -4.78129  -5.87949  -7.41282  -3.6831  -6.97769  -29.5114  631.664  -102.842  -1436.92  -1467.96  -2248.59  262.909  -93.957  1000.42  -111.728  -1759.2  -437.623  868.855  -312.082  0.832809
0.165959  2647.03  1370.42  1220  -526.469  -2345.15  1520.84  1142.36  -271.738  1924.9  5556.89  4918.82  1297.64  2674.67  -3068.61  1563.17  7147.36  20973.9  -4.80779  -5.87728  -7.21899  -3.73831  -6.94676  -29.6489  636.815  -101.925  -1490.73  -1485.17  -2279.46  269.491  -92.0777  1004.14  -111.773  -1721.16  -417.944  863.089  -308.841  0.869065
0.171791  2505.55  1398.02  1247.1  -528.189  -2430.3  1548.93  1168.92  -273.628  1938.61  5667.52  5027.51  1325.28  2672.9  -3094.48  1606.53  7481.17  21166.7  -4.83415  -5.87533  -7.02799  -3.79296  -6.91652  -29.7858  640.966  -100.878  -1545.22  -1501.98  -2309.78  275.355  -90.0575  1006.58  -111.699  -1683.12  -398.685  856.584  -305.31  0.906611
0.177828  2398.8  1425.02  1273.68  -529.667  -2529.74  1576.35  1194.99  -275.437  1943.83  5775.74  5134.09  1352.38  2669.41  -3103.75  1656.82  7873.19  21228.3  -4.86033  -5.87365  -6.83988  -3.84702  -6.88696  -29.922  644.817  -99.7895  -1600.32  -1518.36  -2339.56  281.193  -87.9757  1008.44  -111.603  -1645.09  -379.854  849.488  -301.59  0.945477
0.184077  2309.08  1452.15  1300.34  -531.331  -2637.43  1603.95  1221.02  -277.625  1945.27  5884.49  5241.01  1379.66  2663.92  -3105.5  1711.23  8297.54  21227.6  -4.88633  -5.87221  -6.65471  -3.90045  -6.8581  -30.0574  648.918  -98.7196  -1656.01  -1534.3  -2368.71  287.573  -85.9091  1010.26  -111.53  -1607.04  -361.499  841.896  -297.754  0.985698
0.190546  2217.38  1479.71  1327.33  -533.321  -2743.81  1632.08  1247.22  -280.386  1948.43  5995.02  5349.37  1407.44  2655.81  -3110.6  1765.03  8715.47  21250.6  -4.91213  -5.87102  -6.47251  -3.95324  -6.82991  -30.1919  653.454  -97.6846  -1712.27  -1549.84  -2397.09  294.717  -83.9083  1012.19  -111.461  -1568.94  -343.697  833.823  -293.822  1.02731
0.197242  2109.28  1507.45  1354.47  -535.415  -2838.97  1660.42  1273.45  -283.567  1957.6  6106.27  5458.39  1435.49  2644.41  -3127.93  1813.11  9088.28  21369.7  -4.93771  -5.87006  -6.29334  -4.00537  -6.8024  -30.3255  658.146  -96.6516  -1769.08  -1565.04  -2424.57  302.378  -81.9822  1013.91  -111.321  -1530.76  -326.523  825.206  -289.763  1.07034
0.204174  1978.96  1534.62  1381.16  -537.095  -2916.61  1688.07  1299.25  -286.692  1974.09  6215.2  5565.61  1463.08  2629.23  -3160.69  1852.06  9392.87  21614.7  -4.96307  -5.86932  -6.11722  -4.05681  -6.77558  -30.4581  662.323  -95.5463  -1826.41  -1579.95  -2451.07  309.905  -80.0891  1014.74  -111.004  -1492.5  -310.023  815.938  -285.507  1.11482
0.211349  1833.45  1560.21  1406.57  -537.742  -2977.74  1713.85  1323.96  -289.145  1995  6317.67  5667.59  1489.18  2610.27  -3203.67  1882.04  9635.68  21948.9  -4.98818  -5.8688  -5.94419  -4.10756  -6.74942  -30.5895  665.195  -94.2791  -1884.19  -1594.6  -2476.58  316.494  -78.1491  1013.9  -110.409  -1454.23  -294.197  805.923  -280.981  1.16079
0.218776  1689.27  1583.39  1429.98  -536.935  -3031.05  1736.8  1347  -290.459  2014.04  6410.28  5761.43  1512.97  2587.99  -3244.68  1907.23  9853.21  22278.1  -5.01304  -5.86849  -5.77428  -4.15759  -6.72394  -30.7198  666.217  -92.7901  -1942.31  -1608.98  -2501.17  321.561  -76.085  1010.87  -109.495  -1416.04  -278.995  795.134  -276.139  1.20829
0.226464  1563.17  1603.96  1451.2  -534.66  -3089.14  1756.72  1368.18  -290.549  2024.49  6492.2  5846.29  1534.21  2563.16  -3270.21  1933.95  10095.8  22494.7  -5.03764  -5.86838  -5.60751  -4.20689  -6.69912  -30.8489  665.371  -91.0795  -2000.65  -1623.04  -2524.96  325.031  -73.8619  1005.71  -108.297  -1378.07  -264.343  783.634  -270.997  1.25734
0.234423  1463.71  1622.42  1470.61  -531.34  -3162.04  1774.23  1387.82  -289.77  2022.65  6565.59  5923.83  1553.4  2536.49  -3272.39  1967.47  10402  22532.4  -5.06195  -5.86846  -5.44391  -4.25545  -6.67496  -30.9766  663.19  -89.2131  -2059.11  -1636.74  -2548.05  327.389  -71.5104  998.992  -106.916  -1340.39  -250.179  771.556  -265.623  1.30799
0.242661  1388.16  1639.74  1488.99  -527.617  -3251.21  1790.49  1406.5  -288.73  2010.13  6634.34  5997.23  1571.49  2508.31  -3253.75  2008.86  10774.9  22406.3  -5.08598  -5.86871  -5.28348  -4.30324  -6.65145  -31.1029  660.481  -87.2966  -2117.62  -1650.03  -2570.47  329.416  -69.1196  991.545  -105.474  -1303.05  -236.482  759.044  -260.115  1.36026
0.251189  1322.91  1656.77  1507.06  -523.99  -3347.62  1806.48  1424.79  -287.943  1993.45  6701.95  6069.38  1589.33  2478.49  -3226.86  2053.83  11176.5  22213  -5.1097  -5.86914  -5.12624  -4.35026  -6.62859  -31.2278  657.854  -85.4205  -2176.13  -1662.92  -2592.19  331.729  -66.7905  983.978  -104.05  -1266.04  -223.278  746.187  -254.555  1.4142
0.260016  1253.57  1673.66  1524.94  -520.519  -3437.03  1822.38  1442.8  -287.512  1980.07  6769  6140.84  1607.09  2446.57  -3206.61  2095.28  11549.5  22071.3  -5.13311  -5.86973  -4.97221  -4.39649  -6.60635  -31.3511  655.362  -83.6107  -2234.65  -1675.47  -2613.13  334.401  -64.5777  976.323  -102.644  -1229.33  -210.616  732.994  -248.971  1.46984
0.269153  1173.58  1689.76  1542.1  -516.814  -3509.1  1837.42  1460.08  -287.081  1973.62  6832.87  6209.4  1624.12  2412.2  -3200.69  2127.82  11854.3  22045.3  -5.1562  -5.87047  -4.82137  -4.44192  -6.58475  -31.4729  652.494  -81.8177  -2293.12  -1687.72  -2633.21  336.932  -62.4589  968.055  -101.176  -1192.92  -198.535  719.416  -243.337  1.52721
0.278612  1086.72  1704.12  1557.74  -512.318  -3564.58  1850.5  1476  -286.091  1971.45  6889.66  6271.84  1639.48  2375.39  -3204.36  2151.56  12095.9  22101.9  -5.17896  -5.87136  -4.67373  -4.48655  -6.56377  -31.593  648.554  -79.9492  -2351.47  -1699.69  -2652.44  338.613  -60.349  958.495  -99.5494  -1156.84  -187.029  705.411  -237.596  1.58636
0.288403  1004.52  1716.13  1571.35  -506.729  -3615.42  1860.91  1490.16  -284.197  1966.21  6936.93  6326.02  1652.55  2336.59  -3203.16  2172.34  12323.5  22127.8  -5.20138  -5.87238  -4.5293  -4.53037  -6.54339  -31.7115  643.186  -77.9389  -2409.59  -1711.37  -2670.87  339.048  -58.1646  947.323  -97.7132  -1121.17  -176.052  690.997  -231.714  1.64732
0.298538  936.094  1726.03  1583.1  -500.237  -3675.18  1868.95  1502.67  -281.533  1951.67  6975.57  6372.63  1663.54  2296.39  -3184.4  2197.06  12590.4  22020.1  -5.22345  -5.87353  -4.38805  -4.57337  -6.52362  -31.8283  636.65  -75.8041  -2467.37  -1722.72  -2688.59  338.456  -55.8957  934.844  -95.7125  -1085.98  -165.548  676.257  -225.712  1.71012
0.30903  880.741  1734.66  1593.7  -493.352  -3747.48  1875.61  1514.11  -278.576  1928.07  7009.11  6414.59  1673.29  2255.14  -3148.01  2227.8  12909.1  21774.2  -5.24518  -5.8748  -4.24999  -4.61555  -6.50443  -31.9433  629.579  -73.6326  -2524.76  -1733.7  -2705.65  337.443  -53.614  921.714  -93.6511  -1051.33  -155.484  661.286  -219.657  1.7748
0.31989  831.147  1742.64  1603.65  -486.472  -3823.43  1881.63  1524.87  -275.728  1901.35  7040.06  6453.99  1682.43  2212.81  -3105.49  2260.32  13242.5  21479  -5.26654  -5.87619  -4.11509  -4.6569  -6.48583  -32.0565  622.436  -71.5142  -2581.74  -1744.35  -2722.04  336.47  -51.4146  908.403  -91.6138  -1017.2  -145.869  646.143  -213.616  1.84141
0.331131  779.059  1749.94  1612.92  -479.571  -3889.38  1886.96  1534.92  -272.983  1878.24  7068.26  6490.66  1690.91  2169.18  -3070.31  2287.77  13535.9  21242.4  -5.28754  -5.87767  -3.98335  -4.69742  -6.46779  -32.1679  615.154  -69.4688  -2638.28  -1754.69  -2737.74  335.472  -49.335  894.836  -89.6026  -983.583  -136.726  630.835  -207.609  1.90997
0.342768  723.601  1755.88  1620.95  -472.279  -3940.64  1890.82  1543.81  -269.976  1859.51  7091.01  6522.36  1698.08  2124.18  -3044.43  2307.61  13772.3  21083  -5.30818  -5.87925  -3.85474  -4.7371  -6.45032  -32.2774  607.274  -67.43  -2694.31  -1764.76  -2752.72  333.986  -47.3192  880.561  -87.5409  -950.495  -128.06  615.356  -201.611  1.98052
0.354813  670.548  1759.97  1627.31  -464.321  -3985.85  1892.63  1551.19  -266.409  1839.64  7106.21  6547.28  1703.42  2078.07  -3017.05  2324.04  13987.2  20916.6  -5.32844  -5.88092  -3.72924  -4.77596  -6.4334  -32.385  598.491  -65.3272  -2749.76  -1774.54  -2767.01  331.681  -45.2886  865.3  -85.3659  -917.975  -119.841  599.728  -195.59  2.05311
0.367282  624.804  1762.39  1632.15  -455.817  -4036.37  1892.62  1557.19  -262.366  1813.43  7114.67  6566.1  1707.12  2031.24  -2977.6  2342.82  14225.5  20657.9  -5.34832  -5.88267  -3.60682  -4.81398  -6.41701  -32.4907  588.979  -63.1646  -2804.54  -1784.01  -2780.66  328.703  -43.2306  849.255  -83.0986  -886.069  -112.031  584.008  -189.556  2.12777
0.380189  585.378  1763.74  1635.99  -447.121  -4093.22  1891.49  1562.22  -258.179  1781.79  7118.83  6580.84  1709.75  1983.89  -2927.52  2364.64  14489.9  20315.6  -5.36783  -5.88449  -3.48747  -4.85116  -6.40115  -32.5944  579.158  -61.0157  -2858.63  -1793.17  -2793.72  325.452  -41.2106  832.863  -80.8208  -854.797  -104.608  568.248  -183.554  2.20453
0.39355  547.639  1764.29  1639.03  -438.408  -4146.93  1889.55  1566.45  -254.026  1750.11  7119.78  6592.4  1711.61  1936.01  -2877.44  2384.86  14741.9  19973.2  -5.38695  -5.88638  -3.37115  -4.88752  -6.38581  -32.6963  569.207  -58.936  -2912.01  -1802.03  -2806.2  322.105  -39.2893  816.309  -78.5827  -824.159  -97.5741  552.475  -177.623  2.28345
0.40738  509.308  1763.75  1641.02  -429.53  -4190.4  1886.47  1569.66  -249.763  1721.26  7116.35  6599.78  1712.38  1887.55  -2833.23  2399.85  14953.6  19679  -5.40569  -5.88833  -3.25783  -4.92304  -6.37097  -32.7961  558.942  -56.9015  -2964.63  -1810.63  -2818.07  318.47  -37.4499  799.415  -76.3532  -794.155  -90.9305  536.703  -171.761  2.36454
0.421697  472.574  1761.78  1641.7  -420.298  -4227.88  1881.87  1571.64  -245.188  1692.33  7107.17  6601.82  1711.75  1838.66  -2789.24  2411.64  15142.8  19389.3  -5.42404  -5.89033  -3.14747  -4.95775  -6.35662  -32.8939  548.163  -54.8566  -3016.43  -1818.96  -2829.37  314.331  -35.6339  781.995  -74.0794  -764.804  -84.6595  520.96  -165.947  2.44786
0.436516  439.895  1758.51  1641.14  -410.777  -4267.36  1875.87  1572.48  -240.34  1659.59  7092.72  6598.91  1709.81  1789.59  -2737.96  2424.28  15341.1  19043.5  -5.442  -5.89238  -3.04004  -4.99163  -6.34276  -32.9898  536.965  -52.8004  -3067.36  -1827.01  -2840.11  309.765  -33.8306  764.166  -71.7702  -736.13  -78.734  505.281  -160.187  2.53345
0.451856  410.387  1754.29  1639.67  -401.175  -4308.3  1868.91  1572.41  -235.418  1624.17  7074.48  6592.31  1706.93  1740.45  -2681.41  2437.62  15545.6  18656.3  -5.45958  -5.89447  -2.9355  -5.0247  -6.32936  -33.0837  525.585  -50.7851  -3117.41  -1834.79  -2850.34  304.994  -32.0882  746.176  -69.482  -708.142  -73.1382  489.695  -154.51  2.62133
0.467735  381.978  1749.18  1637.31  -391.543  -4344.19  1861.05  1571.47  -230.468  1589.49  7052.67  6582.18  1703.16  1691.28  -2626.36  2448.4  15730  18281.2  -5.47678  -5.8966  -2.83382  -5.05695  -6.31643  -33.1755  514.067  -48.8311  -3166.55  -1842.3  -2860.06  300.058  -30.4296  728.077  -67.2326  -680.838  -67.8669  474.222  -148.933  2.71155
0.484172  354.556  1743.01  1633.93  -381.779  -4373.85  1852.09  1569.53  -225.385  1555.69  7026.58  6567.92  1698.33  1642.13  -2573.22  2456.01  15890.1  17922.5  -5.49359  -5.89876  -2.73495  -5.08841  -6.30394  -33.2654  502.307  -46.9074  -3214.74  -1849.57  -2869.29  294.841  -28.8241  709.773  -64.9906  -654.222  -62.9099  458.886  -143.449  2.80415
0.501187  329.418  1735.75  1629.5  -371.872  -4402.2  1841.99  1566.6  -220.142  1520.29  6996.11  6549.43  1692.39  1593.16  -2516.97  2462.9  16045.5  17540.1  -5.51001  -5.90095  -2.63886  -5.11907  -6.29189  -33.3533  490.309  -44.9989  -3261.95  -1856.58  -2878.04  289.335  -27.252  691.283  -62.7457  -628.304  -58.2485  443.712  -138.054  2.89917
0.5188  306.425  1727.6  1624.19  -361.929  -4430.2  1831.01  1562.81  -214.838  1483.27  6962.1  6527.45  1685.57  1544.46  -2457.52  2469.61  16199.6  17132.4  -5.52605  -5.90316  -2.54549  -5.14894  -6.28027  -33.4391  478.195  -43.1325  -3308.16  -1863.34  -2886.34  283.652  -25.7363  672.738  -60.5286  -603.088  -53.8671  428.719  -132.765  2.99664
0.537032  284.67  1718.63  1618.06  -351.998  -4454.38  1819.2  1558.2  -209.512  1446.53  6924.8  6502.16  1677.92  1496.1  -2398.57  2474.43  16338.3  16728.8  -5.54171  -5.90538  -2.4548  -5.17803  -6.26905  -33.523  466.013  -41.3222  -3353.37  -1869.87  -2894.21  277.831  -24.2911  654.195  -58.3533  -578.572  -49.7562  413.925  -127.592  3.0966
0.555904  264.123  1708.78  1611.05  -342.039  -4474.37  1806.5  1552.73  -204.121  1410.1  6883.96  6473.36  1669.37  1448.13  -2340.24  2477.16  16460.4  16330.4  -5.55698  -5.90762  -2.36676  -5.20635  -6.25825  -33.6049  453.733  -39.5503  -3397.53  -1876.16  -2901.66  271.835  -22.8977  635.63  -56.2028  -554.755  -45.9045  399.35  -122.531  3.19911
0.57544  245.184  1698.08  1603.2  -332.069  -4492.7  1792.96  1546.44  -198.672  1372.81  6839.76  6441.19  1659.97  1400.66  -2280.16  2479.08  16575.8  15918.2  -5.57189  -5.90986  -2.2813  -5.23392  -6.24783  -33.6848  441.381  -37.8148  -3440.64  -1882.22  -2908.71  265.682  -21.5512  617.081  -54.0785  -531.637  -42.2972  385.011  -117.585  3.30418
0.595662  227.586  1686.65  1594.61  -322.146  -4508.85  1778.69  1539.4  -193.217  1335.18  6792.62  6406.04  1649.81  1353.76  -2219.28  2479.96  16682.4  15499.4  -5.58641  -5.9121  -2.19839  -5.26073  -6.23779  -33.7628  429.022  -36.1313  -3482.7  -1888.05  -2915.38  259.428  -20.2652  598.617  -51.9975  -509.216  -38.9222  370.921  -112.762  3.41187
0.616595  211.056  1674.5  1585.28  -312.277  -4521.51  1763.72  1531.63  -187.757  1297.89  6742.62  6367.94  1638.92  1307.46  -2158.99  2479.15  16774.7  15085  -5.60057  -5.91435  -2.11798  -5.2868  -6.22812  -33.8388  416.67  -34.4971  -3523.68  -1893.67  -2921.68  253.081  -19.0361  580.258  -49.9581  -487.485  -35.7692  357.093  -108.063  3.52221
0.638263  195.687  1661.65  1575.23  -302.463  -4531.6  1748.07  1523.15  -182.287  1260.53  6689.82  6326.98  1627.32  1261.84  -2098.42  2477.12  16856.5  14668.1  -5.61436  -5.91659  -2.04002  -5.31214  -6.21881  -33.9129  404.335  -32.9063  -3563.58  -1899.08  -2927.63  246.646  -17.8564  562.023  -47.9561  -466.441  -32.8262  343.543  -103.489  3.63524
0.660693  181.426  1648.16  1564.53  -292.734  -4539.47  1731.8  1514  -176.834  1223.06  6634.47  6283.36  1615.05  1216.96  -2037.48  2474.05  16929  14247.7  -5.62779  -5.91882  -1.96446  -5.33676  -6.20985  -33.985  392.053  -31.3656  -3602.4  -1904.28  -2933.25  240.154  -16.7311  543.952  -46  -446.078  -30.0818  330.278  -99.0424  3.751
0.683912  168.113  1634.08  1553.19  -283.107  -4544.44  1714.96  1504.21  -171.407  1185.91  6576.75  6237.24  1602.16  1172.85  -1977.01  2469.62  16989.5  13830.5  -5.64086  -5.92105  -1.89125  -5.36068  -6.20123  -34.0553  379.847  -29.8752  -3640.14  -1909.28  -2938.55  233.621  -15.6593  526.073  -44.0912  -426.387  -27.5259  317.309  -94.7253  3.86953
0.707946  155.733  1619.42  1541.25  -273.586  -4546.89  1697.59  1493.82  -166.009  1148.96  6516.76  6188.72  1588.68  1129.56  -1916.75  2464.03  17039.4  13414.3  -5.65358  -5.92326  -1.82034  -5.3839  -6.19293  -34.1237  367.73  -28.4322  -3676.79  -1914.08  -2943.54  227.058  -14.6366  508.403  -42.2279  -407.36  -25.1479  304.644  -90.537  3.99087
0.732825  144.234  1604.25  1528.76  -264.192  -4547.03  1679.73  1482.86  -160.655  1112.21  6454.73  6138  1574.66  1087.13  -1856.69  2457.38  17079.6  12998.8  -5.66594  -5.92545  -1.75168  -5.40643  -6.18496  -34.1903  355.728  -27.0395  -3712.36  -1918.69  -2948.25  220.486  -13.6645  490.971  -40.4144  -388.989  -22.9378  292.291  -86.479  4.11506
0.758578  133.533  1588.59  1515.75  -254.936  -4544.61  1661.43  1471.36  -155.355  1075.88  6390.78  6085.2  1560.14  1045.6  -1797.24  2449.56  17108.9  12587.4  -5.67796  -5.92762  -1.68522  -5.4283  -6.17729  -34.255  343.86  -25.6961  -3746.85  -1923.12  -2952.69  213.921  -12.7413  473.8  -38.6509  -371.264  -20.8863  280.255  -82.551  4.24214
0.785236  123.597  1572.49  1502.25  -245.828  -4539.87  1642.72  1459.36  -150.114  1039.91  6325.06  6030.44  1545.14  1005  -1738.27  2440.7  17128.3  12178.9  -5.68964  -5.92978  -1.62092  -5.44951  -6.16991  -34.318  332.14  -24.4009  -3780.27  -1927.36  -2956.86  207.373  -11.8646  456.906  -36.9372  -354.173  -18.984  268.54  -78.7523  4.37215
0.812831  114.367  1555.97  1488.29  -236.88  -4532.79  1623.65  1446.87  -144.943  1004.39  6257.73  5973.85  1529.7  965.339  -1679.97  2430.81  17137.7  11774.6  -5.70099  -5.93191  -1.55872  -5.47007  -6.16283  -34.3791  320.588  -23.1549  -3812.62  -1931.44  -2960.79  200.863  -11.0345  440.313  -35.2753  -337.705  -17.2222  257.151  -75.0828  4.50513
0.841395  105.792  1539.07  1473.9  -228.099  -4523.34  1604.24  1433.94  -139.846  969.408  6188.86  5915.57  1513.85  926.653  -1622.46  2419.84  17136.8  11375.6  -5.71201  -5.93402  -1.49856  -5.49  -6.15603  -34.4385  309.213  -21.9565  -3843.93  -1935.34  -2964.48  194.396  -10.2486  424.031  -33.6645  -321.849  -15.5927  246.089  -71.5411  4.64111
0.870964  97.8288  1521.82  1459.11  -219.492  -4511.61  1584.53  1420.58  -134.829  934.981  6118.62  5855.68  1497.63  888.954  -1565.81  2407.88  17126.1  10982.2  -5.7227  -5.93609  -1.44042  -5.5093  -6.14949  -34.4962  298.029  -20.8056  -3874.19  -1939.08  -2967.95  187.985  -9.50586  408.073  -32.1054  -306.592  -14.0872  235.356  -68.126  4.78014
0.901571  90.4435  1504.25  1443.95  -211.066  -4497.77  1564.56  1406.83  -129.899  901.104  6047.17  5794.35  1481.06  852.259  -1509.98  2395  17106.2  10594.2  -5.73307  -5.93814  -1.38422  -5.52801  -6.14321  -34.5523  287.047  -19.7015  -3903.42  -1942.67  -2971.21  181.641  -8.80485  392.453  -30.5982  -291.921  -12.698  224.953  -64.8359  4.92225
0.933254  83.5953  1486.41  1428.46  -202.829  -4481.88  1544.36  1392.73  -125.06  867.83  5974.63  5731.71  1464.19  816.578  -1455.06  2381.24  17077.3  10212.3  -5.74314  -5.94016  -1.32993  -5.54611  -6.13719  -34.6066  276.279  -18.6434  -3931.64  -1946.09  -2974.26  175.374  -8.14405  377.184  -29.1427  -277.823  -11.4178  214.879  -61.6691  5.06749
0.966051  77.2409  1468.32  1412.67  -194.786  -4463.9  1523.98  1378.29  -120.318  835.237  5901.12  5667.87  1447.05  781.918  -1401.22  2366.57  17039.2  9837.64  -5.7529  -5.94215  -1.27749  -5.56364  -6.13141  -34.6593  265.734  -17.6303  -3958.86  -1949.38  -2977.13  169.194  -7.52193  362.274  -27.7387  -264.285  -10.2395  205.132  -58.6237  5.2159
1  71.3544  1450.01  1396.6  -186.941  -4444.01  1503.42  1363.55  -115.676  803.289  5826.76  5602.93  1429.65  748.284  -1348.37  2351.11  16992.6  9469.61  -5.76235  -5.94411  -1.22686  -5.5806  -6.12587  -34.7104  255.42  -16.6612  -3985.1  -1952.51  -2979.82  163.109  -6.9369  347.731  -26.3855  -251.292  -9.15655  195.714  -55.6966  5.3675
