# k    pksmooth
0.0001 373.91
0.000100694 377.531
0.000101392 381.133
0.000102095 384.717
0.000102803 388.284
0.000103516 391.833
0.000104234 395.366
0.000104957 398.883
0.000105685 402.384
0.000106418 405.87
0.000107156 409.342
0.000107899 412.799
0.000108647 416.244
0.000109401 419.676
0.000110159 423.095
0.000110923 426.503
0.000111693 429.9
0.000112467 433.288
0.000113247 436.665
0.000114032 440.034
0.000114823 443.394
0.00011562 446.747
0.000116421 450.093
0.000117229 453.433
0.000118042 456.768
0.00011886 460.097
0.000119685 463.423
0.000120515 466.745
0.000121351 470.065
0.000122192 473.382
0.00012304 476.699
0.000123893 480.014
0.000124752 483.33
0.000125617 486.646
0.000126488 489.964
0.000127366 493.285
0.000128249 496.608
0.000129138 499.934
0.000130034 503.265
0.000130936 506.601
0.000131844 509.943
0.000132758 513.291
0.000133679 516.646
0.000134606 520.008
0.00013554 523.379
0.00013648 526.759
0.000137426 530.149
0.000138379 533.549
0.000139339 536.96
0.000140305 540.382
0.000141278 543.817
0.000142258 547.265
0.000143245 550.726
0.000144238 554.202
0.000145238 557.692
0.000146246 561.198
0.00014726 564.72
0.000148281 568.259
0.000149309 571.815
0.000150345 575.388
0.000151388 578.981
0.000152437 582.592
0.000153495 586.223
0.000154559 589.874
0.000155631 593.546
0.00015671 597.239
0.000157797 600.954
0.000158891 604.692
0.000159993 608.453
0.000161103 612.237
0.00016222 616.046
0.000163345 619.879
0.000164478 623.737
0.000165619 627.621
0.000166767 631.531
0.000167924 635.468
0.000169088 639.433
0.000170261 643.425
0.000171442 647.445
0.000172631 651.494
0.000173828 655.573
0.000175034 659.681
0.000176248 663.819
0.00017747 667.988
0.000178701 672.188
0.00017994 676.42
0.000181188 680.684
0.000182444 684.98
0.00018371 689.309
0.000184984 693.672
0.000186267 698.069
0.000187558 702.5
0.000188859 706.966
0.000190169 711.467
0.000191488 716.003
0.000192816 720.576
0.000194153 725.185
0.000195499 729.831
0.000196855 734.514
0.000198221 739.234
0.000199595 743.993
0.000200979 748.791
0.000202373 753.627
0.000203777 758.502
0.00020519 763.417
0.000206613 768.372
0.000208046 773.367
0.000209489 778.403
0.000210942 783.48
0.000212404 788.599
0.000213877 793.759
0.000215361 798.962
0.000216854 804.207
0.000218358 809.495
0.000219873 814.826
0.000221397 820.201
0.000222933 825.619
0.000224479 831.082
0.000226036 836.59
0.000227603 842.142
0.000229182 847.739
0.000230771 853.382
0.000232372 859.071
0.000233983 864.806
0.000235606 870.588
0.00023724 876.416
0.000238885 882.291
0.000240542 888.214
0.00024221 894.185
0.00024389 900.203
0.000245581 906.27
0.000247284 912.385
0.000248999 918.549
0.000250726 924.762
0.000252465 931.025
0.000254216 937.337
0.000255979 943.699
0.000257754 950.112
0.000259542 956.575
0.000261342 963.088
0.000263154 969.653
0.000264979 976.269
0.000266817 982.937
0.000268667 989.656
0.00027053 996.427
0.000272407 1003.25
0.000274296 1010.13
0.000276198 1017.06
0.000278114 1024.04
0.000280042 1031.07
0.000281984 1038.16
0.00028394 1045.3
0.000285909 1052.5
0.000287892 1059.75
0.000289889 1067.06
0.000291899 1074.42
0.000293923 1081.83
0.000295962 1089.3
0.000298014 1096.83
0.000300081 1104.41
0.000302162 1112.04
0.000304258 1119.74
0.000306368 1127.49
0.000308493 1135.29
0.000310632 1143.15
0.000312786 1151.07
0.000314955 1159.05
0.00031714 1167.08
0.000319339 1175.17
0.000321554 1183.32
0.000323784 1191.52
0.000326029 1199.79
0.00032829 1208.11
0.000330567 1216.49
0.00033286 1224.93
0.000335168 1233.43
0.000337493 1241.98
0.000339833 1250.6
0.00034219 1259.27
0.000344563 1268.01
0.000346953 1276.8
0.000349359 1285.66
0.000351782 1294.57
0.000354221 1303.55
0.000356678 1312.59
0.000359151 1321.68
0.000361642 1330.84
0.00036415 1340.06
0.000366676 1349.34
0.000369219 1358.68
0.000371779 1368.08
0.000374358 1377.55
0.000376954 1387.07
0.000379568 1396.66
0.0003822 1406.31
0.000384851 1416.03
0.00038752 1425.8
0.000390208 1435.64
0.000392914 1445.55
0.000395639 1455.51
0.000398382 1465.54
0.000401145 1475.64
0.000403927 1485.79
0.000406729 1496.01
0.000409549 1506.3
0.00041239 1516.65
0.00041525 1527.06
0.000418129 1537.54
0.000421029 1548.09
0.000423949 1558.7
0.000426889 1569.37
0.00042985 1580.11
0.000432831 1590.92
0.000435833 1601.79
0.000438855 1612.73
0.000441899 1623.73
0.000444963 1634.81
0.000448049 1645.94
0.000451156 1657.15
0.000454285 1668.42
0.000457436 1679.76
0.000460608 1691.17
0.000463803 1702.65
0.000467019 1714.19
0.000470258 1725.8
0.000473519 1737.48
0.000476803 1749.23
0.00048011 1761.05
0.00048344 1772.94
0.000486792 1784.9
0.000490168 1796.93
0.000493568 1809.02
0.000496991 1821.19
0.000500437 1833.43
0.000503908 1845.74
0.000507403 1858.12
0.000510921 1870.57
0.000514465 1883.09
0.000518033 1895.69
0.000521625 1908.36
0.000525243 1921.09
0.000528886 1933.91
0.000532553 1946.79
0.000536247 1959.75
0.000539966 1972.78
0.00054371 1985.89
0.000547481 1999.07
0.000551278 2012.32
0.000555101 2025.65
0.000558951 2039.06
0.000562827 2052.54
0.000566731 2066.09
0.000570661 2079.72
0.000574619 2093.43
0.000578604 2107.22
0.000582616 2121.08
0.000586657 2135.02
0.000590725 2149.04
0.000594822 2163.13
0.000598947 2177.31
0.000603101 2191.56
0.000607284 2205.89
0.000611495 2220.3
0.000615736 2234.79
0.000620006 2249.37
0.000624306 2264.02
0.000628636 2278.76
0.000632996 2293.57
0.000637386 2308.47
0.000641806 2323.45
0.000646257 2338.52
0.000650739 2353.67
0.000655252 2368.9
0.000659796 2384.21
0.000664372 2399.62
0.000668979 2415.1
0.000673619 2430.67
0.00067829 2446.33
0.000682995 2462.08
0.000687731 2477.91
0.000692501 2493.83
0.000697303 2509.84
0.000702139 2525.94
0.000707009 2542.12
0.000711912 2558.4
0.000716849 2574.77
0.000721821 2591.23
0.000726826 2607.77
0.000731867 2624.42
0.000736943 2641.15
0.000742053 2657.98
0.0007472 2674.9
0.000752382 2691.91
0.0007576 2709.02
0.000762854 2726.23
0.000768144 2743.53
0.000773471 2760.93
0.000778835 2778.42
0.000784237 2796.02
0.000789676 2813.71
0.000795152 2831.5
0.000800667 2849.39
0.000806219 2867.38
0.000811811 2885.48
0.000817441 2903.67
0.00082311 2921.97
0.000828818 2940.37
0.000834566 2958.88
0.000840354 2977.49
0.000846182 2996.2
0.00085205 3015.02
0.000857959 3033.95
0.000863909 3052.99
0.000869901 3072.13
0.000875934 3091.39
0.000882008 3110.75
0.000888125 3130.23
0.000894285 3149.81
0.000900487 3169.51
0.000906732 3189.32
0.00091302 3209.25
0.000919352 3229.29
0.000925728 3249.44
0.000932148 3269.71
0.000938612 3290.1
0.000945122 3310.61
0.000951676 3331.23
0.000958276 3351.98
0.000964922 3372.84
0.000971614 3393.83
0.000978352 3414.94
0.000985137 3436.17
0.000991969 3457.53
0.000998849 3479.01
0.00100578 3500.61
0.00101275 3522.35
0.00101977 3544.21
0.00102685 3566.2
0.00103397 3588.32
0.00104114 3610.57
0.00104836 3632.95
0.00105563 3655.47
0.00106295 3678.11
0.00107032 3700.89
0.00107775 3723.81
0.00108522 3746.87
0.00109275 3770.06
0.00110032 3793.39
0.00110796 3816.85
0.00111564 3840.46
0.00112338 3864.21
0.00113117 3888.1
0.00113901 3912.14
0.00114691 3936.32
0.00115487 3960.65
0.00116287 3985.12
0.00117094 4009.74
0.00117906 4034.51
0.00118724 4059.42
0.00119547 4084.49
0.00120376 4109.71
0.00121211 4135.09
0.00122052 4160.62
0.00122898 4186.3
0.0012375 4212.14
0.00124609 4238.13
0.00125473 4264.29
0.00126343 4290.6
0.00127219 4317.08
0.00128101 4343.72
0.0012899 4370.51
0.00129884 4397.48
0.00130785 4424.61
0.00131692 4451.9
0.00132605 4479.37
0.00133525 4507
0.00134451 4534.8
0.00135384 4562.77
0.00136322 4590.92
0.00137268 4619.23
0.0013822 4647.73
0.00139178 4676.39
0.00140144 4705.24
0.00141116 4734.26
0.00142094 4763.46
0.0014308 4792.84
0.00144072 4822.41
0.00145071 4852.15
0.00146077 4882.08
0.0014709 4912.2
0.0014811 4942.5
0.00149137 4972.99
0.00150172 5003.67
0.00151213 5034.53
0.00152262 5065.59
0.00153318 5096.84
0.00154381 5128.29
0.00155452 5159.93
0.0015653 5191.76
0.00157615 5223.79
0.00158709 5256.02
0.00159809 5288.45
0.00160918 5321.08
0.00162033 5353.91
0.00163157 5386.94
0.00164289 5420.18
0.00165428 5453.62
0.00166575 5487.27
0.00167731 5521.13
0.00168894 5555.2
0.00170065 5589.47
0.00171245 5623.96
0.00172432 5658.66
0.00173628 5693.57
0.00174832 5728.7
0.00176045 5764.04
0.00177266 5799.6
0.00178495 5835.38
0.00179733 5871.38
0.00180979 5907.6
0.00182234 5944.04
0.00183498 5980.7
0.00184771 6017.58
0.00186052 6054.7
0.00187343 6092.03
0.00188642 6129.59
0.0018995 6167.39
0.00191267 6205.41
0.00192594 6243.66
0.00193929 6282.14
0.00195274 6320.85
0.00196629 6359.8
0.00197992 6398.98
0.00199365 6438.4
0.00200748 6478.05
0.0020214 6517.94
0.00203542 6558.07
0.00204954 6598.44
0.00206375 6639.05
0.00207806 6679.9
0.00209248 6720.99
0.00210699 6762.32
0.0021216 6803.9
0.00213631 6845.72
0.00215113 6887.79
0.00216605 6930.11
0.00218107 6972.67
0.00219619 7015.48
0.00221143 7058.54
0.00222676 7101.85
0.00224221 7145.41
0.00225776 7189.23
0.00227341 7233.29
0.00228918 7277.61
0.00230506 7322.18
0.00232104 7367
0.00233714 7412.08
0.00235335 7457.42
0.00236967 7503.01
0.0023861 7548.86
0.00240265 7594.96
0.00241931 7641.32
0.00243609 7687.94
0.00245298 7734.83
0.00247 7781.96
0.00248713 7829.36
0.00250437 7877.02
0.00252174 7924.94
0.00253923 7973.13
0.00255684 8021.57
0.00257457 8070.27
0.00259243 8119.24
0.00261041 8168.47
0.00262851 8217.96
0.00264674 8267.72
0.0026651 8317.73
0.00268358 8368.01
0.00270219 8418.56
0.00272093 8469.37
0.0027398 8520.44
0.0027588 8571.77
0.00277793 8623.37
0.0027972 8675.23
0.0028166 8727.36
0.00283613 8779.74
0.0028558 8832.4
0.00287561 8885.31
0.00289555 8938.49
0.00291563 8991.93
0.00293585 9045.63
0.00295621 9099.59
0.00297671 9153.82
0.00299736 9208.31
0.00301814 9263.05
0.00303907 9318.06
0.00306015 9373.33
0.00308137 9428.86
0.00310274 9484.64
0.00312426 9540.69
0.00314593 9596.99
0.00316775 9653.55
0.00318971 9710.36
0.00321184 9767.43
0.00323411 9824.75
0.00325654 9882.33
0.00327912 9940.16
0.00330187 9998.24
0.00332476 10056.6
0.00334782 10115.1
0.00337104 10174
0.00339442 10233.1
0.00341796 10292.4
0.00344166 10351.9
0.00346553 10411.7
0.00348957 10471.8
0.00351377 10532.1
0.00353813 10592.6
0.00356267 10653.4
0.00358738 10714.4
0.00361226 10775.6
0.00363731 10837.1
0.00366254 10898.8
0.00368794 10960.7
0.00371351 11022.9
0.00373927 11085.3
0.0037652 11147.9
0.00379131 11210.7
0.0038176 11273.7
0.00384408 11337
0.00387074 11400.5
0.00389758 11464.2
0.00392461 11528.1
0.00395183 11592.2
0.00397924 11656.5
0.00400683 11721
0.00403462 11785.7
0.0040626 11850.6
0.00409078 11915.7
0.00411915 11981
0.00414771 12046.5
0.00417648 12112.2
0.00420544 12178.1
0.00423461 12244.1
0.00426398 12310.3
0.00429355 12376.7
0.00432333 12443.3
0.00435331 12510
0.0043835 12576.9
0.0044139 12644
0.00444451 12711.2
0.00447533 12778.6
0.00450637 12846.1
0.00453762 12913.8
0.00456909 12981.6
0.00460078 13049.6
0.00463269 13117.7
0.00466481 13185.9
0.00469717 13254.3
0.00472974 13322.7
0.00476254 13391.4
0.00479557 13460.1
0.00482883 13528.9
0.00486232 13597.9
0.00489604 13666.9
0.00492999 13736.1
0.00496418 13805.3
0.00499861 13874.6
0.00503328 13944.1
0.00506818 14013.6
0.00510333 14083.1
0.00513873 14152.8
0.00517436 14222.5
0.00521025 14292.3
0.00524638 14362.1
0.00528277 14432
0.0053194 14502
0.00535629 14572
0.00539344 14642
0.00543085 14712
0.00546851 14782.1
0.00550643 14852.2
0.00554462 14922.3
0.00558307 14992.4
0.00562179 15062.6
0.00566078 15132.7
0.00570004 15202.8
0.00573957 15273
0.00577938 15343
0.00581946 15413.1
0.00585982 15483.2
0.00590045 15553.2
0.00594137 15623.1
0.00598258 15693
0.00602407 15762.9
0.00606585 15832.7
0.00610791 15902.5
0.00615027 15972.1
0.00619293 16041.7
0.00623588 16111.2
0.00627912 16180.6
0.00632267 16249.9
0.00636652 16319.1
0.00641067 16388.2
0.00645513 16457.2
0.0064999 16526.1
0.00654497 16594.8
0.00659036 16663.4
0.00663607 16731.8
0.00668209 16800.1
0.00672843 16868.2
0.0067751 16936.2
0.00682208 17004
0.00686939 17071.6
0.00691703 17139
0.00696501 17206.2
0.00701331 17273.3
0.00706195 17340.1
0.00711092 17406.7
0.00716024 17473.1
0.0072099 17539.2
0.0072599 17605.2
0.00731025 17670.8
0.00736094 17736.2
0.00741199 17801.4
0.0074634 17866.3
0.00751516 17930.9
0.00756727 17995.3
0.00761975 18059.3
0.0076726 18123.1
0.00772581 18186.5
0.00777939 18249.7
0.00783334 18312.5
0.00788767 18375
0.00794237 18437.2
0.00799745 18499
0.00805291 18560.5
0.00810876 18621.6
0.008165 18682.4
0.00822162 18742.8
0.00827864 18802.8
0.00833605 18862.4
0.00839387 18921.6
0.00845208 18980.4
0.00851069 19038.9
0.00856972 19096.9
0.00862915 19154.4
0.00868899 19211.6
0.00874925 19268.3
0.00880993 19324.5
0.00887103 19380.3
0.00893255 19435.7
0.0089945 19490.6
0.00905688 19545
0.00911969 19598.9
0.00918293 19652.3
0.00924662 19705.2
0.00931075 19757.6
0.00937532 19809.5
0.00944034 19860.9
0.00950581 19911.8
0.00957173 19962.1
0.00963811 20011.9
0.00970495 20061.1
0.00977226 20109.8
0.00984003 20157.9
0.00990827 20205.4
0.00997699 20252.4
0.0100462 20298.8
0.0101159 20344.5
0.010186 20389.7
0.0102566 20434.3
0.0103278 20478.3
0.0103994 20521.6
0.0104715 20564.3
0.0105441 20606.4
0.0106173 20647.9
0.0106909 20688.7
0.010765 20728.9
0.0108397 20768.4
0.0109149 20807.2
0.0109906 20845.4
0.0110668 20882.9
0.0111435 20919.7
0.0112208 20955.8
0.0112986 20991.2
0.011377 21025.9
0.0114559 21060
0.0115354 21093.3
0.0116154 21125.9
0.0116959 21157.7
0.011777 21188.9
0.0118587 21219.3
0.0119409 21249
0.0120238 21277.9
0.0121071 21306.1
0.0121911 21333.5
0.0122757 21360.2
0.0123608 21386.1
0.0124465 21411.2
0.0125328 21435.6
0.0126197 21459.2
0.0127073 21482
0.0127954 21504
0.0128841 21525.2
0.0129735 21545.7
0.0130635 21565.3
0.0131541 21584.2
0.0132453 21602.2
0.0133371 21619.4
0.0134296 21635.8
0.0135228 21651.4
0.0136165 21666.2
0.013711 21680.2
0.0138061 21693.3
0.0139018 21705.6
0.0139982 21717.1
0.0140953 21727.7
0.0141931 21737.5
0.0142915 21746.5
0.0143906 21754.6
0.0144904 21761.9
0.0145909 21768.3
0.0146921 21773.9
0.014794 21778.6
0.0148966 21782.5
0.0149999 21785.5
0.0151039 21787.7
0.0152087 21789
0.0153141 21789.4
0.0154203 21789
0.0155273 21787.8
0.015635 21785.6
0.0157434 21782.7
0.0158526 21778.8
0.0159625 21774.1
0.0160732 21768.5
0.0161847 21762.1
0.0162969 21754.8
0.01641 21746.6
0.0165238 21737.6
0.0166384 21727.7
0.0167538 21716.9
0.0168699 21705.3
0.0169869 21692.8
0.0171047 21679.5
0.0172234 21665.3
0.0173428 21650.2
0.0174631 21634.3
0.0175842 21617.5
0.0177061 21599.9
0.0178289 21581.4
0.0179526 21562
0.0180771 21541.8
0.0182025 21520.8
0.0183287 21498.9
0.0184558 21476.2
0.0185838 21452.6
0.0187127 21428.2
0.0188425 21402.9
0.0189731 21376.8
0.0191047 21349.9
0.0192372 21322.2
0.0193706 21293.6
0.019505 21264.2
0.0196402 21234
0.0197764 21202.9
0.0199136 21171.1
0.0200517 21138.4
0.0201908 21104.9
0.0203308 21070.7
0.0204718 21035.6
0.0206138 20999.8
0.0207567 20963.1
0.0209007 20925.7
0.0210456 20887.4
0.0211916 20848.5
0.0213385 20808.7
0.0214865 20768.2
0.0216355 20726.9
0.0217856 20684.8
0.0219367 20642
0.0220888 20598.4
0.022242 20554.1
0.0223962 20509.1
0.0225516 20463.3
0.022708 20416.8
0.0228654 20369.6
0.023024 20321.7
0.0231837 20273
0.0233445 20223.7
0.0235064 20173.6
0.0236694 20122.9
0.0238335 20071.5
0.0239988 20019.4
0.0241653 19966.6
0.0243329 19913.2
0.0245016 19859.1
0.0246715 19804.3
0.0248426 19748.9
0.0250149 19692.9
0.0251884 19636.2
0.0253631 19578.9
0.025539 19521
0.0257161 19462.5
0.0258944 19403.3
0.026074 19343.6
0.0262549 19283.2
0.0264369 19222.3
0.0266203 19160.8
0.0268049 19098.8
0.0269908 19036.1
0.027178 18973
0.0273665 18909.2
0.0275562 18845
0.0277474 18780.1
0.0279398 18714.8
0.0281336 18649
0.0283287 18582.6
0.0285251 18515.8
0.028723 18448.4
0.0289222 18380.6
0.0291227 18312.2
0.0293247 18243.5
0.0295281 18174.2
0.0297329 18104.5
0.0299391 18034.3
0.0301467 17963.8
0.0303558 17892.7
0.0305663 17821.3
0.0307783 17749.4
0.0309917 17677.2
0.0312066 17604.5
0.0314231 17531.4
0.031641 17458
0.0318604 17384.2
0.0320814 17310
0.0323039 17235.5
0.0325279 17160.6
0.0327535 17085.4
0.0329806 17009.8
0.0332094 16933.9
0.0334397 16857.7
0.0336716 16781.2
0.0339051 16704.4
0.0341402 16627.3
0.034377 16549.9
0.0346154 16472.3
0.0348555 16394.3
0.0350972 16316.1
0.0353406 16237.7
0.0355857 16159
0.0358325 16080.1
0.036081 16001
0.0363312 15921.6
0.0365832 15842
0.0368369 15762.2
0.0370924 15682.3
0.0373496 15602.1
0.0376086 15521.8
0.0378695 15441.3
0.0381321 15360.6
0.0383965 15279.8
0.0386628 15198.8
0.038931 15117.7
0.039201 15036.4
0.0394728 14955
0.0397466 14873.6
0.0400222 14792
0.0402998 14710.3
0.0405793 14628.5
0.0408607 14546.6
0.0411441 14464.6
0.0414294 14382.6
0.0417167 14300.5
0.042006 14218.4
0.0422973 14136.2
0.0425907 14054
0.0428861 13971.7
0.0431835 13889.4
0.043483 13807.1
0.0437845 13724.7
0.0440882 13642.4
0.0443939 13560.1
0.0447018 13477.7
0.0450118 13395.4
0.045324 13313.1
0.0456383 13230.9
0.0459548 13148.6
0.0462735 13066.5
0.0465944 12984.3
0.0469176 12902.2
0.047243 12820.2
0.0475706 12738.3
0.0479005 12656.4
0.0482327 12574.6
0.0485672 12492.9
0.048904 12411.2
0.0492432 12329.7
0.0495847 12248.3
0.0499286 12167
0.0502748 12085.8
0.0506235 12004.7
0.0509746 11923.8
0.0513281 11843
0.0516841 11762.3
0.0520425 11681.8
0.0524034 11601.4
0.0527669 11521.2
0.0531328 11441.1
0.0535013 11361.2
0.0538723 11281.5
0.0542459 11201.9
0.0546221 11122.6
0.0550009 11043.4
0.0553824 10964.4
0.0557665 10885.6
0.0561532 10807
0.0565427 10728.6
0.0569348 10650.4
0.0573296 10572.5
0.0577272 10494.7
0.0581276 10417.2
0.0585307 10339.9
0.0589366 10262.9
0.0593453 10186
0.0597569 10109.5
0.0601713 10033.1
0.0605886 9957.03
0.0610088 9881.19
0.0614319 9805.61
0.061858 9730.28
0.062287 9655.22
0.0627189 9580.43
0.0631539 9505.91
0.0635919 9431.66
0.0640329 9357.69
0.064477 9284
0.0649241 9210.6
0.0653744 9137.48
0.0658278 9064.65
0.0662843 8992.12
0.066744 8919.88
0.0672069 8847.94
0.067673 8776.3
0.0681423 8704.97
0.0686149 8633.95
0.0690907 8563.23
0.0695699 8492.83
0.0700524 8422.74
0.0705382 8352.98
0.0710274 8283.53
0.07152 8214.4
0.072016 8145.6
0.0725154 8077.12
0.0730183 8008.98
0.0735247 7941.16
0.0740346 7873.68
0.074548 7806.53
0.075065 7739.72
0.0755856 7673.25
0.0761098 7607.12
0.0766377 7541.33
0.0771692 7475.88
0.0777043 7410.78
0.0782432 7346.02
0.0787858 7281.61
0.0793322 7217.56
0.0798824 7153.85
0.0804364 7090.49
0.0809943 7027.49
0.081556 6964.84
0.0821216 6902.54
0.0826911 6840.6
0.0832646 6779.02
0.083842 6717.8
0.0844235 6656.93
0.085009 6596.43
0.0855985 6536.28
0.0861922 6476.5
0.0867899 6417.08
0.0873918 6358.02
0.0879979 6299.32
0.0886082 6240.99
0.0892227 6183.02
0.0898414 6125.41
0.0904645 6068.17
0.0910919 6011.29
0.0917236 5954.78
0.0923597 5898.63
0.0930003 5842.85
0.0936452 5787.43
0.0942947 5732.38
0.0949486 5677.7
0.0956071 5623.38
0.0962702 5569.42
0.0969378 5515.83
0.0976101 5462.61
0.098287 5409.75
0.0989687 5357.25
0.099655 5305.12
0.100346 5253.35
0.101042 5201.95
0.101743 5150.91
0.102448 5100.23
0.103159 5049.92
0.103874 4999.96
0.104595 4950.37
0.10532 4901.14
0.106051 4852.27
0.106786 4803.76
0.107527 4755.6
0.108272 4707.81
0.109023 4660.37
0.109779 4613.29
0.110541 4566.56
0.111307 4520.19
0.112079 4474.18
0.112856 4428.51
0.113639 4383.2
0.114427 4338.24
0.115221 4293.63
0.11602 4249.37
0.116824 4205.46
0.117635 4161.89
0.11845 4118.67
0.119272 4075.8
0.120099 4033.27
0.120932 3991.08
0.121771 3949.23
0.122615 3907.72
0.123466 3866.55
0.124322 3825.72
0.125184 3785.23
0.126052 3745.07
0.126926 3705.24
0.127807 3665.75
0.128693 3626.59
0.129585 3587.76
0.130484 3549.25
0.131389 3511.08
0.1323 3473.23
0.133218 3435.7
0.134142 3398.49
0.135072 3361.61
0.136009 3325.05
0.136952 3288.8
0.137902 3252.87
0.138858 3217.26
0.139821 3181.96
0.140791 3146.97
0.141767 3112.29
0.14275 3077.92
0.14374 3043.86
0.144737 3010.1
0.145741 2976.65
0.146752 2943.5
0.147769 2910.65
0.148794 2878.1
0.149826 2845.85
0.150865 2813.89
0.151912 2782.23
0.152965 2750.86
0.154026 2719.78
0.155094 2688.99
0.15617 2658.49
0.157253 2628.27
0.158343 2598.34
0.159441 2568.68
0.160547 2539.31
0.161661 2510.22
0.162782 2481.41
0.163911 2452.87
0.165047 2424.6
0.166192 2396.6
0.167345 2368.88
0.168505 2341.42
0.169674 2314.23
0.170851 2287.31
0.172035 2260.65
0.173228 2234.25
0.17443 2208.1
0.17564 2182.22
0.176858 2156.59
0.178084 2131.22
0.179319 2106.1
0.180563 2081.23
0.181815 2056.61
0.183076 2032.23
0.184346 2008.1
0.185624 1984.22
0.186911 1960.57
0.188208 1937.17
0.189513 1914
0.190827 1891.07
0.192151 1868.38
0.193483 1845.92
0.194825 1823.69
0.196176 1801.69
0.197537 1779.91
0.198907 1758.37
0.200286 1737.04
0.201675 1715.94
0.203074 1695.07
0.204482 1674.4
0.2059 1653.96
0.207328 1633.73
0.208766 1613.72
0.210214 1593.92
0.211672 1574.33
0.21314 1554.95
0.214618 1535.77
0.216106 1516.8
0.217605 1498.03
0.219114 1479.47
0.220634 1461.11
0.222164 1442.94
0.223705 1424.97
0.225256 1407.2
0.226818 1389.62
0.228391 1372.23
0.229975 1355.04
0.23157 1338.03
0.233176 1321.21
0.234793 1304.57
0.236421 1288.12
0.238061 1271.85
0.239712 1255.76
0.241374 1239.85
0.243048 1224.12
0.244734 1208.56
0.246431 1193.18
0.24814 1177.97
0.249861 1162.93
0.251594 1148.06
0.253339 1133.36
0.255096 1118.82
0.256865 1104.45
0.258646 1090.25
0.26044 1076.2
0.262246 1062.32
0.264065 1048.6
0.265896 1035.03
0.26774 1021.62
0.269597 1008.36
0.271467 995.258
0.27335 982.306
0.275245 969.504
0.277154 956.852
0.279076 944.347
0.281012 931.987
0.282961 919.772
0.284923 907.701
0.286899 895.77
0.288889 883.981
0.290892 872.33
0.292909 860.817
0.294941 849.44
0.296986 838.198
0.299046 827.09
0.30112 816.114
0.303208 805.268
0.305311 794.553
0.307428 783.965
0.30956 773.505
0.311707 763.171
0.313869 752.96
0.316046 742.873
0.318238 732.908
0.320445 723.064
0.322667 713.339
0.324905 703.732
0.327158 694.242
0.329427 684.868
0.331711 675.609
0.334012 666.463
0.336328 657.429
0.338661 648.506
0.341009 639.693
0.343374 630.988
0.345756 622.392
0.348154 613.901
0.350568 605.516
0.352999 597.235
0.355447 589.057
0.357913 580.981
0.360395 573.005
0.362894 565.13
0.365411 557.353
0.367945 549.673
0.370497 542.091
0.373066 534.603
0.375653 527.21
0.378259 519.911
0.380882 512.704
0.383523 505.588
0.386183 498.562
0.388861 491.626
0.391558 484.778
0.394274 478.018
0.397008 471.344
0.399761 464.755
0.402534 458.251
0.405325 451.831
0.408136 445.493
0.410967 439.236
0.413817 433.06
0.416687 426.965
0.419577 420.948
0.422487 415.009
0.425417 409.147
0.428367 403.361
0.431338 397.651
0.434329 392.015
0.437341 386.453
0.440374 380.964
0.443428 375.546
0.446504 370.2
0.4496 364.924
0.452718 359.717
0.455858 354.579
0.459019 349.509
0.462203 344.506
0.465408 339.569
0.468636 334.698
0.471886 329.891
0.475158 325.148
0.478454 320.469
0.481772 315.851
0.485113 311.296
0.488477 306.801
0.491865 302.367
0.495276 297.992
0.498711 293.676
0.50217 289.418
0.505652 285.217
0.509159 281.073
0.51269 276.985
0.516246 272.953
0.519826 268.975
0.523431 265.051
0.527061 261.18
0.530716 257.362
0.534397 253.596
0.538103 249.881
0.541835 246.217
0.545593 242.603
0.549376 239.039
0.553186 235.523
0.557023 232.056
0.560886 228.636
0.564776 225.264
0.568692 221.938
0.572636 218.658
0.576608 215.423
0.580607 212.233
0.584633 209.088
0.588688 205.986
0.59277 202.927
0.596881 199.91
0.601021 196.936
0.605189 194.003
0.609386 191.111
0.613612 188.259
0.617868 185.448
0.622153 182.676
0.626467 179.942
0.630812 177.248
0.635187 174.591
0.639592 171.971
0.644028 169.389
0.648494 166.843
0.652991 164.333
0.65752 161.858
0.66208 159.419
0.666672 157.014
0.671295 154.643
0.675951 152.306
0.680638 150.003
0.685359 147.732
0.690112 145.493
0.694898 143.287
0.699717 141.112
0.70457 138.968
0.709456 136.855
0.714376 134.773
0.71933 132.72
0.724319 130.697
0.729342 128.703
0.734401 126.738
0.739494 124.801
0.744622 122.892
0.749786 121.011
0.754986 119.157
0.760222 117.33
0.765494 115.53
0.770803 113.755
0.776149 112.007
0.781531 110.284
0.786952 108.586
0.792409 106.913
0.797905 105.264
0.803438 103.64
0.80901 102.039
0.814621 100.462
0.82027 98.9075
0.825959 97.3762
0.831687 95.8675
0.837455 94.381
0.843263 92.9164
0.849111 91.4734
0.855 90.0517
0.860929 88.651
0.8669 87.2711
0.872912 85.9117
0.878966 84.5724
0.885062 83.253
0.8912 81.9531
0.89738 80.6727
0.903604 79.4113
0.90987 78.1687
0.91618 76.9447
0.922534 75.7389
0.928932 74.5512
0.935374 73.3812
0.941861 72.2288
0.948393 71.0936
0.954971 69.9755
0.961593 68.8742
0.968262 67.7895
0.974977 66.7211
0.981739 65.6688
0.988547 64.6323
0.995403 63.6116
1.00231 62.6062
1.00926 61.616
1.01626 60.6409
1.0233 59.6805
1.0304 58.7347
1.03755 57.8032
1.04474 56.8859
1.05199 55.9825
1.05928 55.0929
1.06663 54.2169
1.07403 53.3542
1.08148 52.5046
1.08898 51.6681
1.09653 50.8443
1.10413 50.0332
1.11179 49.2345
1.1195 48.448
1.12726 47.6736
1.13508 46.9111
1.14295 46.1603
1.15088 45.4211
1.15886 44.6932
1.1669 43.9766
1.17499 43.271
1.18314 42.5763
1.19135 41.8923
1.19961 41.2189
1.20793 40.5559
1.21631 39.9032
1.22474 39.2607
1.23323 38.628
1.24179 38.0053
1.2504 37.3921
1.25907 36.7886
1.2678 36.1944
1.27659 35.6094
1.28545 35.0336
1.29436 34.4668
1.30334 33.9088
1.31238 33.3596
1.32148 32.8189
1.33064 32.2867
1.33987 31.7628
1.34916 31.2471
1.35852 30.7396
1.36794 30.2399
1.37743 29.7482
1.38698 29.2642
1.3966 28.7877
1.40629 28.3188
1.41604 27.8573
1.42586 27.4031
1.43575 26.956
1.44571 26.5159
1.45573 26.0829
1.46583 25.6567
1.47599 25.2372
1.48623 24.8244
1.49654 24.4181
1.50692 24.0182
1.51737 23.6247
1.52789 23.2375
1.53849 22.8564
1.54916 22.4813
1.5599 22.1122
1.57072 21.7491
1.58161 21.3917
1.59258 21.0399
1.60362 20.6938
1.61475 20.3533
1.62594 20.0182
1.63722 19.6884
1.64857 19.3639
1.66001 19.0446
1.67152 18.7304
1.68311 18.4213
1.69478 18.1171
1.70654 17.8178
1.71837 17.5233
1.73029 17.2335
1.74229 16.9484
1.75437 16.6679
1.76654 16.3919
1.77879 16.1203
1.79113 15.8532
1.80355 15.5903
1.81606 15.3317
1.82865 15.0772
1.84133 14.8269
1.8541 14.5806
1.86696 14.3383
1.87991 14.0999
1.89295 13.8654
1.90608 13.6347
1.91929 13.4077
1.9326 13.1844
1.94601 12.9648
1.9595 12.7487
1.97309 12.5361
1.98678 12.3269
2.00056 12.1212
2.01443 11.9188
2.0284 11.7198
2.04247 11.5239
2.05663 11.3313
2.07089 11.1418
2.08526 10.9554
2.09972 10.772
2.11428 10.5917
2.12894 10.4143
2.14371 10.2398
2.15857 10.0681
2.17354 9.89927
2.18862 9.7332
2.2038 9.56985
2.21908 9.40918
2.23447 9.25115
2.24997 9.09571
2.26557 8.94282
2.28128 8.79245
2.2971 8.64455
2.31303 8.49909
2.32908 8.35602
2.34523 8.2153
2.36149 8.07691
2.37787 7.94079
2.39436 7.80693
2.41097 7.67527
2.42769 7.54578
2.44452 7.41843
2.46148 7.29319
2.47855 7.17002
2.49574 7.04888
2.51304 6.92975
2.53047 6.81259
2.54802 6.69738
2.56569 6.58407
2.58349 6.47264
2.6014 6.36306
2.61944 6.25529
2.63761 6.14932
2.6559 6.0451
2.67432 5.94262
2.69287 5.84184
2.71154 5.74274
2.73035 5.64528
2.74928 5.54945
2.76835 5.45521
2.78755 5.36254
2.80688 5.27142
2.82635 5.18182
2.84595 5.09371
2.86569 5.00707
2.88556 4.92187
2.90557 4.8381
2.92572 4.75573
2.94601 4.67473
2.96644 4.59509
2.98702 4.51679
3.00773 4.43979
3.02859 4.36408
3.04959 4.28963
3.07074 4.21644
3.09204 4.14447
3.11348 4.07371
3.13508 4.00413
3.15682 3.93573
3.17871 3.86847
3.20076 3.80234
3.22295 3.73732
3.24531 3.67339
3.26781 3.61054
3.29048 3.54874
3.3133 3.48798
3.33627 3.42825
3.35941 3.36952
3.38271 3.31178
3.40617 3.25501
3.42979 3.1992
3.45358 3.14433
3.47753 3.09039
3.50165 3.03735
3.52593 2.98522
3.55038 2.93396
3.575 2.88356
3.5998 2.83402
3.62476 2.78531
3.6499 2.73743
3.67521 2.69036
3.7007 2.64408
3.72637 2.59859
3.75221 2.55386
3.77823 2.5099
3.80443 2.46668
3.83082 2.42419
3.85739 2.38242
3.88414 2.34136
3.91108 2.30099
3.9382 2.26131
3.96551 2.22231
3.99301 2.18396
4.0207 2.14627
4.04859 2.10921
4.07667 2.07279
4.10494 2.03699
4.13341 2.00179
4.16207 1.96719
4.19094 1.93318
4.22 1.89975
4.24927 1.86689
4.27874 1.83459
4.30841 1.80284
4.33829 1.77163
4.36838 1.74095
4.39867 1.7108
4.42918 1.68116
4.4599 1.65202
4.49083 1.62338
4.52197 1.59523
4.55333 1.56756
4.58491 1.54037
4.61671 1.51364
4.64872 1.48736
4.68096 1.46153
4.71343 1.43615
4.74611 1.4112
4.77903 1.38668
4.81217 1.36257
4.84555 1.33888
4.87915 1.3156
4.91299 1.29271
4.94706 1.27021
4.98137 1.24811
5.01592 1.22638
5.0507 1.20502
5.08573 1.18403
5.121 1.1634
5.15651 1.14312
5.19227 1.12319
5.22828 1.1036
5.26454 1.08435
5.30105 1.06543
5.33782 1.04684
5.37484 1.02856
5.41211 1.0106
5.44964 0.99295
5.48744 0.975602
5.52549 0.958552
5.56382 0.941796
5.6024 0.925329
5.64125 0.909145
5.68038 0.893239
5.71977 0.877608
5.75944 0.862246
5.79938 0.847149
5.8396 0.832313
5.8801 0.817732
5.92088 0.803403
5.96194 0.789321
6.00329 0.775482
6.04492 0.761883
6.08684 0.748518
6.12906 0.735384
6.17156 0.722477
6.21436 0.709793
6.25746 0.697329
6.30086 0.68508
6.34456 0.673043
6.38856 0.661214
6.43286 0.64959
6.47747 0.638167
6.5224 0.626943
6.56763 0.615912
6.61318 0.605073
6.65904 0.594422
6.70522 0.583955
6.75172 0.57367
6.79855 0.563563
6.8457 0.553631
6.89317 0.543872
6.94098 0.534283
6.98912 0.52486
7.03759 0.5156
7.08639 0.506502
7.13554 0.497561
7.18502 0.488776
7.23485 0.480144
7.28503 0.471662
7.33555 0.463328
7.38642 0.455138
7.43765 0.447091
7.48923 0.439184
7.54117 0.431415
7.59347 0.423781
7.64613 0.416281
7.69916 0.408911
7.75255 0.401669
7.80632 0.394554
7.86046 0.387563
7.91497 0.380694
7.96986 0.373945
8.02513 0.367314
8.08079 0.360798
8.13683 0.354396
8.19326 0.348106
8.25008 0.341927
8.3073 0.335855
8.36491 0.329889
8.42292 0.324028
8.48134 0.318269
8.54015 0.312611
8.59938 0.307052
8.65902 0.30159
8.71907 0.296225
8.77954 0.290953
8.84043 0.285773
8.90174 0.280685
8.96347 0.275685
9.02563 0.270773
9.08823 0.265948
9.15126 0.261207
9.21472 0.256549
9.27863 0.251973
9.34298 0.247478
9.40777 0.243062
9.47302 0.238723
9.53871 0.23446
9.60486 0.230273
9.67148 0.226159
9.73855 0.222117
9.80609 0.218147
9.87409 0.214246
9.94257 0.210414
10.0115 0.20665
10.081 0.202952
10.1509 0.199319
10.2213 0.19575
10.2922 0.192245
10.3635 0.188801
10.4354 0.185417
10.5078 0.182094
10.5806 0.178829
10.654 0.175622
10.7279 0.172472
10.8023 0.169377
10.8772 0.166337
10.9527 0.16335
11.0286 0.160417
11.1051 0.157535
11.1821 0.154705
11.2597 0.151924
11.3378 0.149193
11.4164 0.14651
11.4956 0.143875
11.5753 0.141286
11.6556 0.138744
11.7364 0.136246
11.8178 0.133793
11.8997 0.131383
11.9823 0.129016
12.0654 0.126691
12.149 0.124407
12.2333 0.122164
12.3181 0.119961
12.4036 0.117797
12.4896 0.115671
12.5762 0.113583
12.6634 0.111533
12.7513 0.109519
12.8397 0.10754
12.9287 0.105597
13.0184 0.103689
13.1087 0.101815
13.1996 0.0999735
13.2911 0.0981653
13.3833 0.0963894
13.4761 0.0946452
13.5696 0.0929321
13.6637 0.0912496
13.7584 0.0895971
13.8539 0.0879741
13.9499 0.0863802
14.0467 0.0848147
14.1441 0.0832773
14.2422 0.0817673
14.341 0.0802843
14.4404 0.0788279
14.5406 0.0773976
14.6414 0.0759928
14.7429 0.0746133
14.8452 0.0732584
14.9481 0.0719278
15.0518 0.0706211
15.1562 0.0693378
15.2613 0.0680776
15.3671 0.0668399
15.4737 0.0656245
15.581 0.0644309
15.6891 0.0632588
15.7979 0.0621077
15.9075 0.0609772
16.0178 0.0598671
16.1289 0.058777
16.2407 0.0577065
16.3534 0.0566552
16.4668 0.0556229
16.581 0.0546091
16.696 0.0536136
16.8117 0.0526361
16.9283 0.0516761
17.0457 0.0507335
17.164 0.0498079
17.283 0.0488989
17.4028 0.0480064
17.5235 0.0471299
17.6451 0.0462693
17.7674 0.0454242
17.8907 0.0445944
18.0147 0.0437796
18.1397 0.0429795
18.2655 0.0421938
18.3921 0.0414224
18.5197 0.0406649
18.6481 0.0399212
18.7775 0.0391909
18.9077 0.0384738
19.0388 0.0377697
19.1708 0.0370783
19.3038 0.0363995
19.4377 0.035733
19.5725 0.0350786
19.7082 0.034436
19.8449 0.0338051
19.9825 0.0331856
20.1211 0.0325774
20.2606 0.0319802
20.4012 0.0313939
20.5426 0.0308182
20.6851 0.030253
20.8286 0.029698
20.973 0.0291532
21.1185 0.0286182
21.2649 0.028093
21.4124 0.0275773
21.5609 0.027071
21.7104 0.026574
21.861 0.0260859
22.0126 0.0256068
22.1653 0.0251364
22.319 0.0246746
22.4738 0.0242212
22.6296 0.023776
22.7866 0.023339
22.9446 0.0229099
23.1037 0.0224887
23.2639 0.0220751
23.4253 0.0216691
23.5877 0.0212705
23.7513 0.0208792
23.916 0.0204951
24.0819 0.0201179
24.2489 0.0197477
24.4171 0.0193842
24.5864 0.0190273
24.7569 0.018677
24.9286 0.0183331
25.1015 0.0179955
25.2756 0.017664
25.4509 0.0173387
25.6274 0.0170192
25.8051 0.0167057
25.9841 0.0163978
26.1643 0.0160957
26.3457 0.015799
26.5284 0.0155078
26.7124 0.0152219
26.8977 0.0149413
27.0842 0.0146658
27.2721 0.0143953
27.4612 0.0141298
27.6516 0.0138692
27.8434 0.0136134
28.0365 0.0133622
28.2309 0.0131157
28.4267 0.0128737
28.6239 0.0126362
28.8224 0.012403
29.0223 0.0121741
29.2235 0.0119493
29.4262 0.0117288
29.6303 0.0115122
29.8358 0.0112997
30.0427 0.011091
30.251 0.0108862
30.4608 0.0106852
30.6721 0.0104879
30.8848 0.0102942
31.099 0.010104
31.3147 0.00991735
31.5318 0.00973413
31.7505 0.00955429
31.9707 0.00937775
32.1924 0.00920447
32.4157 0.00903437
32.6405 0.0088674
32.8669 0.00870351
33.0948 0.00854264
33.3243 0.00838473
33.5554 0.00822973
33.7881 0.00807758
34.0225 0.00792823
34.2584 0.00778164
34.496 0.00763775
34.7352 0.00749651
34.9761 0.00735787
35.2187 0.00722179
35.463 0.00708821
35.7089 0.0069571
35.9565 0.0068284
36.2059 0.00670208
36.457 0.00657809
36.7098 0.00645638
36.9644 0.00633691
37.2208 0.00621965
37.4789 0.00610455
37.7388 0.00599158
38.0006 0.00588068
38.2641 0.00577183
38.5295 0.00566499
38.7967 0.00556012
39.0657 0.00545719
39.3367 0.00535615
39.6095 0.00525698
39.8842 0.00515963
40.1608 0.00506408
40.4393 0.0049703
40.7197 0.00487824
41.0021 0.00478788
41.2865 0.00469919
41.5728 0.00461213
41.8611 0.00452668
42.1514 0.00444281
42.4438 0.00436048
42.7381 0.00427968
43.0345 0.00420036
43.333 0.0041225
43.6335 0.00404609
43.9361 0.00397108
44.2408 0.00389745
44.5476 0.00382518
44.8566 0.00375425
45.1676 0.00368462
45.4809 0.00361628
45.7963 0.00354919
46.1139 0.00348335
46.4337 0.00341872
46.7557 0.00335528
47.08 0.00329301
47.4065 0.00323188
47.7353 0.00317189
48.0663 0.003113
48.3997 0.00305519
48.7353 0.00299845
49.0733 0.00294276
49.4136 0.00288809
49.7563 0.00283443
50.1014 0.00278176
50.4489 0.00273006
50.7987 0.00267931
51.151 0.0026295
51.5058 0.0025806
51.863 0.00253261
52.2227 0.0024855
52.5848 0.00243925
52.9495 0.00239386
53.3167 0.0023493
53.6865 0.00230556
54.0588 0.00226263
54.4337 0.00222049
54.8112 0.00217912
55.1913 0.00213852
55.5741 0.00209866
55.9595 0.00205953
56.3476 0.00202113
56.7384 0.00198343
57.1319 0.00194642
57.5281 0.0019101
57.9271 0.00187444
58.3288 0.00183944
58.7333 0.00180508
59.1406 0.00177135
59.5508 0.00173824
59.9638 0.00170575
60.3796 0.00167384
60.7984 0.00164253
61.22 0.00161179
61.6446 0.00158161
62.0721 0.00155199
62.5026 0.00152291
62.936 0.00149437
63.3725 0.00146635
63.812 0.00143884
64.2546 0.00141184
64.7002 0.00138533
65.1489 0.00135932
65.6007 0.00133377
66.0556 0.0013087
66.5138 0.00128409
66.975 0.00125993
67.4395 0.00123621
67.9072 0.00121292
68.3782 0.00119007
68.8524 0.00116763
69.3299 0.0011456
69.8107 0.00112398
70.2948 0.00110275
70.7823 0.00108192
71.2732 0.00106146
71.7675 0.00104138
72.2652 0.00102167
72.7664 0.00100232
73.2711 0.000983318
73.7792 0.000964669
74.2909 0.000946362
74.8061 0.00092839
75.3249 0.000910747
75.8473 0.000893428
76.3733 0.000876425
76.9029 0.000859734
77.4363 0.000843349
77.9733 0.000827264
78.5141 0.000811474
79.0586 0.000795972
79.6069 0.000780755
80.1589 0.000765816
80.7149 0.000751151
81.2746 0.000736754
81.8383 0.000722622
82.4058 0.000708748
82.9773 0.000695128
83.5528 0.000681758
84.1322 0.000668632
84.7157 0.000655748
85.3032 0.000643099
85.8948 0.000630682
86.4905 0.000618493
87.0903 0.000606527
87.6943 0.000594781
88.3025 0.00058325
88.9149 0.00057193
89.5315 0.000560818
90.1524 0.00054991
90.7777 0.000539202
91.4072 0.000528691
92.0411 0.000518372
92.6795 0.000508243
93.3222 0.0004983
93.9694 0.00048854
94.6211 0.000478959
95.2773 0.000469554
95.9381 0.000460322
96.6034 0.00045126
97.2734 0.000442365
97.948 0.000433634
98.6273 0.000425063
99.3113 0.00041665
100 0.000408392
